# ta1 =         1.0000000000 mua =        -0.8001000000 m1 =         1.1001000000 eo1 =         5.0000000000 m2 =         0.7001000000 min_eo2 =        -3.0000000000 max_eo2 =         1.0000000000 ta2 =         0.5000000000 ta3 =         0.4000000000
# ts =         1.0000000000 mus =        -1.0000000000 ds =         0.0010000000
# tn =         1.0000000000 mun =        -1.0000000000 ev/ds =         0.0000000001
# tna_pz =         0.5000000000 tna_ab =         0.5000000000 tna_px =         0.5000000000 tna_py =         0.5000000000 tna_dxy =         0.5000000000
# rtna_pz =         0.2500000000 rtna_ab =         0.2500000000 rtna_px =         0.2500000000 rtna_py =         0.2500000000 rtna_dxy =         0.2500000000
# tas_pz =         0.5000000000 tas_ab =         0.5000000000 tas_px =         0.5000000000 tas_py =         0.5000000000 tas_dxy =         0.5000000000
# rtas_pz =         0.2500000000 rtas_ab =         0.2500000000 rtas_px =         0.2500000000 rtas_py =         0.2500000000 rtas_dxy =         0.2500000000
# wid =   200 len =    40 wn =    20 wb1 =    10 wb2 =    60 wb3 =    60 wbs =     0 numr =  1000
# eo2/ta1, nc1, nc2, nc3, G11_ave, G11_var, G21_ave, G21_var, G31_ave, G31_var, G12_ave, G12_var, G22_ave, G22_var, G32_ave, G32_var, G13_ave, G13_var, G23_ave, G23_var, G33_ave, G33_var
       -3.0000000000   14   14   14        5.6773708778        0.4035796294        3.5439688642        0.1818312312       -0.0077262621        0.0635055149        3.5439687558        0.1818312256       10.6428421982        0.5378065757        3.5390679781        0.1745981939       -0.0077262612        0.0635055133        3.5390680900        0.1745981988        5.6684458742        0.4030365028
       -2.9595959596   14   14   14        5.7249366247        0.3205321826        3.7694934429        0.1893631139       -0.0342226060        0.0744510782        3.7694933185        0.1893631116       10.7556964764        0.3648112981        3.7655208810        0.1910441097       -0.0342226051        0.0744510789        3.7655210045        0.1910441072        5.7118665048        0.3122703724
       -2.9191919192   14   14   14        5.7566726061        0.3407968117        3.5543442346        0.1829467788       -0.0744862525        0.0551744053        3.5543441382        0.1829467785       11.6493480892        0.4565196811        3.5625131002        0.1810064428       -0.0744862525        0.0551744063        3.5625131965        0.1810064422        5.7661745637        0.3579510024
       -2.8787878788   14   14   14        6.1663461397        0.3982651677        3.6217181127        0.1745574395       -0.3135640960        0.1299059032        3.6217181291        0.1745574490       11.0059031261        0.4788962314        3.6202204420        0.1840878452       -0.3135640964        0.1299059008        3.6202204277        0.1840878371        6.1662812434        0.4000874739
       -2.8383838384   14   14   14        6.0169296881        0.4020941597        3.5757284858        0.1775623217       -0.0751228223        0.0624072589        3.5757283907        0.1775623165       11.4071509417        0.5382275541        3.5791262775        0.1683211065       -0.0751228223        0.0624072598        3.5791263752        0.1683211086        6.0251769008        0.3872021631
       -2.7979797980   14   14   14        6.4084537616        0.4218283649        3.4383814829        0.1863952208        0.0274951496        0.0978949124        3.4383813665        0.1863952158       11.9826689892        0.5708628567        3.4427259096        0.1771986460        0.0274951503        0.0978949117        3.4427260302        0.1771986476        6.4073160577        0.4112969901
       -2.7575757576   14   14   14        6.5949556078        0.3977892781        3.6167222339        0.1984462428       -0.0185175026        0.0904301529        3.6167220606        0.1984462259       12.2683498336        0.5013966301        3.6162628940        0.2023281661       -0.0185175226        0.0904301426        3.6162628180        0.2023281581        6.6029420768        0.3992629658
       -2.7171717172   14   14   14        6.1022134421        0.3147575725        3.6524968725        0.1764305934        0.4257457209        0.1305825584        3.6524968553        0.1764305887       11.6351097551        0.5769275295        3.6510625190        0.1682316544        0.4257457178        0.1305825541        3.6510625407        0.1682316591        6.0953148724        0.3099397944
       -2.6767676768   14   14   14        5.5467296899        0.3161609120        3.8721981324        0.2045306672        0.1076043402        0.0829071485        3.8721980485        0.2045306553       10.7517738979        0.5092972413        3.8680848782        0.2106473480        0.1076043471        0.0829071510        3.8680849669        0.2106473586        5.5441297465        0.3068502837
       -2.6363636364   14   14   14        5.5812029106        0.2950017798        3.8657369098        0.1911852805        0.1296728525        0.0898095025        3.8657368257        0.1911852723       10.8559649567        0.4679098779        3.8651553534        0.1967565915        0.1296728518        0.0898095061        3.8651554337        0.1967565944        5.5957657822        0.2811870433
       -2.5959595960   14   14   14        5.5375543854        0.3223896958        4.0316267567        0.1838428380       -0.0175101076        0.0737825749        4.0316265528        0.1838428379       11.2064603289        0.4691825021        4.0329448870        0.1845609753       -0.0175101083        0.0737825725        4.0329450944        0.1845609809        5.5446789015        0.3290720649
       -2.5555555556   14   14   14        5.7377131745        0.3918835640        3.7839027400        0.1608339906        0.0127293632        0.0685132775        3.7839026436        0.1608339907       11.9716835234        0.5530153660        3.7910838451        0.1580073025        0.0127293649        0.0685132799        3.7910839437        0.1580073041        5.7456952617        0.4142585811
       -2.5151515152   14   14   14        6.5326870473        0.4120170126        3.8362585592        0.1880827004       -0.1761581115        0.1184236571        3.8362585150        0.1880827075       12.0043671883        0.5835797771        3.8400354426        0.1900992367       -0.1761581106        0.1184236588        3.8400354840        0.1900992277        6.5484046049        0.4185104382
       -2.4747474747   14   14   14        6.2917509520        0.4227194180        3.7451095654        0.1881401723       -0.0687444346        0.0863649470        3.7451095158        0.1881401724       11.7867722132        0.4890641022        3.7356608982        0.1919647486       -0.0687444319        0.0863649475        3.7356609502        0.1919647499        6.2818476295        0.4092270859
       -2.4343434343   14   14   14        5.6789910001        0.3301364472        3.8602513188        0.1835921051       -0.0295668781        0.0662597807        3.8602512764        0.1835920945       10.6896636223        0.5750194540        3.8649851713        0.1828874200       -0.0295668774        0.0662597781        3.8649852151        0.1828874295        5.6732131869        0.3211116780
       -2.3939393939   14   14   14        6.2778945689        0.3638901458        3.8256891418        0.2043538229       -0.0282927193        0.0857885444        3.8256890411        0.2043538125       12.0294214637        0.6114785253        3.8427102680        0.2073051244       -0.0282927175        0.0857885452        3.8427103708        0.2073051259        6.2950049817        0.3768922215
       -2.3535353535   14   14   14        5.8751741193        0.3093390601        3.9301261725        0.1935731951        0.0487873819        0.0764658925        3.9301260790        0.1935731836       10.9437452800        0.4930058519        3.9198184079        0.1947368012        0.0487873840        0.0764658908        3.9198184992        0.1947368133        5.8704633170        0.3213324404
       -2.3131313131   14   14   14        5.7484731361        0.3485726897        3.7423843032        0.1894310071        0.0851494627        0.0783700427        3.7423842420        0.1894310007       10.8536453271        0.5290785851        3.7352242299        0.1984179617        0.0851494631        0.0783700469        3.7352242862        0.1984179673        5.7472664145        0.3305246814
       -2.2727272727   14   14   14        5.5459786907        0.4044965590        3.8393559683        0.1774878408        0.0285884579        0.0509598476        3.8393558986        0.1774878256       10.7901123556        0.5160740008        3.8433328146        0.1833879277        0.0285884589        0.0509598471        3.8433328871        0.1833879391        5.5453176640        0.4011632756
       -2.2323232323   14   14   14        5.2325139599        0.3427107317        3.9512235998        0.1523085147       -0.0372931890        0.0310402599        3.9512235624        0.1523085195       10.6818835034        0.6162016844        3.9429585626        0.1470584965       -0.0372931901        0.0310402611        3.9429585992        0.1470584923        5.2434046691        0.3381815103
       -2.1919191919   14   14   14        5.6285258076        0.3350604783        3.8767822172        0.2168379957        0.0142311118        0.0645403585        3.8767821861        0.2168379949       10.7409219711        0.5250979726        3.8766761614        0.2221577099        0.0142311095        0.0645403564        3.8766761932        0.2221577123        5.6303673367        0.3341379073
       -2.1515151515   14   14   14        6.1408034415        0.4120899624        4.0377581150        0.1891322992       -0.1608991404        0.1323353114        4.0377580669        0.1891323050       11.0281253970        0.5509638602        4.0427327543        0.1857494124       -0.1608991404        0.1323353120        4.0427327992        0.1857494120        6.1500554081        0.3994272087
       -2.1111111111   14   14   14        5.8382181237        0.3391534860        4.1830622821        0.1819482476       -0.1137278642        0.0706614497        4.1830622468        0.1819482537       10.9273187588        0.5558482823        4.1809563605        0.1851539929       -0.1137278638        0.0706614507        4.1809563937        0.1851539918        5.8416553367        0.3372378293
       -2.0707070707   14   14   14        6.1838413498        0.4121340440        4.0918295962        0.1858695592       -0.0239811999        0.0647652301        4.0918294879        0.1858695490       11.9472740114        0.6677958986        4.0833428181        0.1883820674       -0.0239811986        0.0647652344        4.0833429263        0.1883820746        6.1573377487        0.3931334740
       -2.0303030303   14   14   14        5.5741088797        0.3479840110        3.9789192254        0.1749176104       -0.0554270499        0.0466386819        3.9789192025        0.1749176063       11.5006786397        0.5852294554        3.9761342959        0.1736410809       -0.0554270502        0.0466386815        3.9761343151        0.1736410894        5.5912844628        0.3607900307
       -1.9898989899   14   14   14        5.9191553620        0.3290302760        3.9993942925        0.1928762230        0.1564001761        0.1126812333        3.9993943263        0.1928762255       11.3871809317        0.5471249397        4.0001192071        0.1915941036        0.1564002155        0.1126812412        4.0001191641        0.1915940973        5.9242807764        0.3429389806
       -1.9494949495   14   14   14        5.6668485944        0.3154396787        4.0231428359        0.1738796699       -0.0108489856        0.0580352611        4.0231428485        0.1738796680       10.8804125039        0.4762690717        4.0182918741        0.1755520410       -0.0108489864        0.0580352601        4.0182918574        0.1755520426        5.6851593137        0.3385243537
       -1.9090909091   14   14   14        5.6399228928        0.3536570970        4.1223114569        0.2206293968        0.0968308379        0.0977066295        4.1223114107        0.2206293893       10.5533719103        0.5058469208        4.1316059645        0.2330389723        0.0968308399        0.0977066330        4.1316060124        0.2330389793        5.6524831723        0.3439838467
       -1.8686868687   14   14   14        5.6572234565        0.3435528477        4.3233049027        0.1962982152        0.2077367929        0.1190142004        4.3233048815        0.1962982096       10.6791667282        0.5222498958        4.3257008475        0.1900971604        0.2077367936        0.1190142027        4.3257008676        0.1900971644        5.6777319587        0.3213598773
       -1.8282828283   14   14   14        5.4763221753        0.3356555587        4.3381475524        0.1726094447        0.1168799684        0.0862135470        4.3381474836        0.1726094434       10.8930492809        0.6257942820        4.3381373523        0.1792091018        0.1168799689        0.0862135477        4.3381374221        0.1792091099        5.4864794223        0.3367822655
       -1.7878787879   14   14   14        5.4523121935        0.3283767415        4.3573022994        0.2010087613        0.0934211588        0.0947307506        4.3573022527        0.2010087564       10.6695436178        0.5191016005        4.3630243550        0.2089353190        0.0934211571        0.0947307449        4.3630244031        0.2089353249        5.4584202596        0.3214632266
       -1.7474747475   14   14   14        5.3780375638        0.3190931051        4.2040805514        0.1837562587       -0.0172867853        0.0341015843        4.2040804620        0.1837562599       11.1908265184        0.6382210760        4.2091110985        0.1833151374       -0.0172867863        0.0341015854        4.2091111812        0.1833151343        5.3809909667        0.3183685029
       -1.7070707071   14   14   14        5.3095399473        0.3156799882        4.3331282968        0.1633154678        0.0136472914        0.0482215039        4.3331283441        0.1633154680       10.3817588025        0.5054128921        4.3295546913        0.1629398693        0.0136472918        0.0482215060        4.3295546392        0.1629398701        5.3094826277        0.3120360255
       -1.6666666667   14   14   14        5.5398095664        0.3479659936        4.2095002605        0.1731475731       -0.0326593009        0.0498910493        4.2095002732        0.1731475760       10.6294946202        0.5093966342        4.2095775723        0.1660415241       -0.0326593022        0.0498910509        4.2095775563        0.1660415218        5.5458386318        0.3480844721
       -1.6262626263   14   14   14        5.7091166426        0.3316372518        4.1112359027        0.2062444524        0.0432079442        0.0613303275        4.1112358935        0.2062444457       11.1141970192        0.5367407027        4.1085148717        0.2054560627        0.0432079440        0.0613303270        4.1085148769        0.2054560662        5.7226762942        0.3350582621
       -1.5858585859   14   14   14        5.6785936187        0.3466796281        4.0756825179        0.2293075840        0.0818784133        0.0630092557        4.0756825455        0.2293075872       10.9577963345        0.5420339597        4.0713763924        0.2362334855        0.0818784131        0.0630092563        4.0713763646        0.2362334803        5.6675328037        0.3362627193
       -1.5454545455   14   14   14        5.2951592680        0.2907574237        4.2250006806        0.1973584631        0.0363239836        0.0360186275        4.2250006645        0.1973584582       10.3586137209        0.4987992243        4.2118982997        0.2021526916        0.0363239834        0.0360186271        4.2118983134        0.2021526952        5.3029593655        0.2821306877
       -1.5050505051   14   14   14        5.3523615929        0.3230333333        4.2902524572        0.2033762201        0.0180218767        0.0493319037        4.2902524780        0.2033762277       11.0690887523        0.6994082391        4.2831006157        0.2070882894        0.0180218756        0.0493319039        4.2831005957        0.2070882806        5.3438525368        0.3256387716
       -1.4646464646   14   14   14        5.2449916618        0.2772077983        4.3269391140        0.1828323671        0.0552756433        0.0477735679        4.3269391222        0.1828323655       11.0011396569        0.7061000215        4.3266926586        0.1786486301        0.0552756426        0.0477735672        4.3266926531        0.1786486300        5.2507153611        0.2879106443
       -1.4242424242   14   14   14        5.4025905228        0.2780014887        4.3807191574        0.1843760279        0.0957194561        0.0764212678        4.3807191500        0.1843760348       11.3030808652        0.6886265041        4.3816846698        0.1835902563        0.0957194537        0.0764212615        4.3816846773        0.1835902440        5.4001283424        0.2889069164
       -1.3838383838   14   14   14        5.7351944357        0.3472902918        4.2899469931        0.2165460695        0.0449880735        0.0924592929        4.2899470210        0.2165460793       11.0306054463        0.5631937335        4.2826278867        0.2073192390        0.0449880730        0.0924592939        4.2826278601        0.2073192294        5.7327548087        0.3857167636
       -1.3434343434   14   14   14        5.6247598162        0.3377600765        4.3256652009        0.1927761805        0.0418591603        0.0493171809        4.3256652444        0.1927761880       11.5507475144        0.6515482652        4.3274257023        0.1896330998        0.0418591599        0.0493171819        4.3274256609        0.1896330905        5.6297495960        0.3413571536
       -1.3030303030   14   14   14        5.4960033784        0.3659638428        4.2871263221        0.2005564327        0.0063634535        0.0357835642        4.2871263561        0.2005564362       11.2506148769        0.6326046767        4.2870827455        0.1968708466        0.0063634529        0.0357835639        4.2870827118        0.1968708411        5.4835173062        0.3587325810
       -1.2626262626   14   14   14        4.9952339326        0.2155631650        4.3282497737        0.1619016369        0.0088705370        0.0118733936        4.3282497477        0.1619016353       10.4330358619        0.6236233317        4.3281606413        0.1607245775        0.0088705365        0.0118733916        4.3281606656        0.1607245781        4.9969304505        0.2226959519
       -1.2222222222   14   14   14        5.2357642224        0.2798012781        4.3955069477        0.1767288227        0.0303378210        0.0391750299        4.3955069653        0.1767288232       10.8617331898        0.7543188346        4.3900359999        0.1760123292        0.0303378218        0.0391750314        4.3900359863        0.1760123293        5.2228878171        0.2927277080
       -1.1818181818   14   14   14        5.0484321904        0.2207704289        4.4031045498        0.1568387100        0.0174704397        0.0244446575        4.4031045725        0.1568387156       10.2809094205        0.5133550588        4.4014917417        0.1649741730        0.0174704406        0.0244446562        4.4014917216        0.1649741663        5.0458585942        0.2222124329
       -1.1414141414   14   14   14        5.6056218427        0.3786642610        4.4440967961        0.1933311568        0.0414313148        0.0728650884        4.4440968257        0.1933311618       10.8305947443        0.4727213649        4.4543106783        0.1983447717        0.0414313160        0.0728650884        4.4543106491        0.1983447635        5.6036927657        0.3701480523
       -1.1010101010   14   14   14        5.4251121604        0.3762428338        4.3743799214        0.1985275014        0.0788770635        0.0842535065        4.3743799389        0.1985275009       10.5815371718        0.5710347099        4.3834278485        0.1935127493        0.0788770654        0.0842535071        4.3834278321        0.1935127475        5.4223461521        0.3736214121
       -1.0606060606   14   14   14        5.1557639769        0.3070308938        4.4315104991        0.1893462804        0.0143239632        0.0373112748        4.4315105149        0.1893462921       10.8492598735        0.6480003934        4.4411978576        0.1956180058        0.0143239646        0.0373112755        4.4411978446        0.1956179924        5.1483854844        0.3201702134
       -1.0202020202   14   14   14        4.9663610337        0.2445572044        4.4159929741        0.1660955158        0.0011384828        0.0280434746        4.4159929723        0.1660955142       10.1974923253        0.5760919518        4.4156574131        0.1708035254        0.0011384836        0.0280434797        4.4156574171        0.1708035250        4.9685252466        0.2518703385
       -0.9797979798   14   14   14        4.7692834528        0.1895330120        4.4493915643        0.1462864336        0.0039190450        0.0097018046        4.4493915632        0.1462864332       10.1088125731        0.6787806719        4.4498684251        0.1485469036        0.0039190451        0.0097018041        4.4498684277        0.1485469039        4.7693264607        0.1916228311
       -0.9393939394   14   14   14        4.7733033516        0.1865564601        4.4242811729        0.1494030667        0.0055856093        0.0093646072        4.4242811779        0.1494030663       10.0823132168        0.6925713176        4.4262809151        0.1450957663        0.0055856094        0.0093646072        4.4262809100        0.1450957665        4.7733156288        0.1947940408
       -0.8989898990   14   14   14        4.9471776600        0.2668944478        4.3380722743        0.1726115884        0.0124815849        0.0233276589        4.3380722736        0.1726115930       10.3230607647        0.6670094513        4.3434692711        0.1700821450        0.0124815841        0.0233276582        4.3434692697        0.1700821403        4.9453497025        0.2746534999
       -0.8585858586   14   14   14        5.1067762452        0.2645300104        4.3064491372        0.1761967584        0.0007013926        0.0226042345        4.3064491367        0.1761967586       10.7414750160        0.6340158537        4.3080346479        0.1791836523        0.0007013927        0.0226042345        4.3080346484        0.1791836528        5.1161226969        0.2746623526
       -0.8181818182   14   14   14        5.0060658566        0.2787758870        4.3163450762        0.1677677448       -0.0004733975        0.0267151814        4.3163450719        0.1677677447       10.1609338373        0.5405688070        4.3081570589        0.1767262007       -0.0004733975        0.0267151813        4.3081570650        0.1767262007        5.0193247736        0.2930531392
       -0.7777777778   14   14   14        4.6362646341        0.1689011615        4.3973057609        0.1395796884       -0.0015060246        0.0064764643        4.3973057632        0.1395796887        9.7669035065        0.6706569657        4.3953933310        0.1433850853       -0.0015060245        0.0064764647        4.3953933293        0.1433850861        4.6346723967        0.1708015425
       -0.7373737374   14   14   14        4.5746710972        0.1615342520        4.3742027044        0.1374331611        0.0009792147        0.0056259249        4.3742027002        0.1374331613        9.7554683724        0.6571117166        4.3726275610        0.1413547569        0.0009792148        0.0056259252        4.3726275657        0.1413547569        4.5724516124        0.1649868958
       -0.6969696970   14   14   14        4.5880957357        0.1763732538        4.3356272615        0.1396147952        0.0057954756        0.0090006057        4.3356272520        0.1396147947        9.8122424120        0.6667707218        4.3338876081        0.1429160511        0.0057954755        0.0090006053        4.3338876167        0.1429160509        4.5861255156        0.1814659217
       -0.6565656566   14   14   14        4.6532861350        0.1911388172        4.2361916084        0.1479786559        0.0053114329        0.0108920339        4.2361916066        0.1479786551       10.0494537285        0.6267216357        4.2370860235        0.1523263076        0.0053114330        0.0108920352        4.2370860242        0.1523263072        4.6545101433        0.1979501183
       -0.6161616162   14   14   14        4.7828538461        0.2409498083        4.1579710349        0.1627706665       -0.0049094327        0.0160681943        4.1579710306        0.1627706664       10.3560683077        0.7052054646        4.1595709621        0.1608402880       -0.0049094325        0.0160681945        4.1595709656        0.1608402873        4.7854737400        0.2441072555
       -0.5757575758   14   14   14        4.4734901764        0.1740477665        4.1995325834        0.1409482462       -0.0003748907        0.0055874047        4.1995325810        0.1409482457        9.3301094719        0.5874889885        4.2007082067        0.1407202009       -0.0003748907        0.0055874046        4.2007082090        0.1407202008        4.4695321374        0.1766582125
       -0.5353535354   14   14   14        4.4205054153        0.1813760641        4.1693006645        0.1436966775        0.0006253024        0.0105889803        4.1693006626        0.1436966777        9.2223153786        0.5405670100        4.1722653204        0.1433979995        0.0006253025        0.0105889805        4.1722653212        0.1433979996        4.4156834131        0.1775819669
       -0.4949494949   14   14   14        4.3293336705        0.1711268278        4.1664989700        0.1431541403       -0.0006847381        0.0043939688        4.1664989650        0.1431541401        8.8091696949        0.3993769614        4.1681867558        0.1456853385       -0.0006847381        0.0043939690        4.1681867598        0.1456853375        4.3259592031        0.1781075211
       -0.4545454545   14   14   14        4.2940156719        0.1754662430        4.0861479985        0.1499505671        0.0002232405        0.0047375898        4.0861479916        0.1499505666        8.7615528188        0.4342006427        4.0888215464        0.1493110466        0.0002232405        0.0047375899        4.0888215528        0.1493110452        4.2923145358        0.1825368328
       -0.4141414141   14   14   14        4.3778972102        0.2207852553        3.9084920782        0.1643199966        0.0056414475        0.0102956522        3.9084920729        0.1643199959        9.3468164572        0.6124975625        3.9133465720        0.1665103365        0.0056414475        0.0102956521        3.9133465773        0.1665103346        4.3836608960        0.2214389907
       -0.3737373737   14   14   14        4.1953009300        0.1877798295        3.9504516732        0.1489004640       -0.0005341779        0.0071265627        3.9504516584        0.1489004626        8.6759088469        0.5375932205        3.9504836991        0.1554790918       -0.0005341779        0.0071265624        3.9504837145        0.1554790922        4.1962160923        0.1956437884
       -0.3333333333   14   14   14        4.3113658797        0.2744842355        3.8223329182        0.1653779578        0.0027946522        0.0179233281        3.8223329135        0.1653779556        8.8470385903        0.5948359873        3.8279031488        0.1702937189        0.0027946520        0.0179233277        3.8279031543        0.1702937179        4.2989504164        0.2542320714
       -0.2929292929   14   14   14        4.0876735727        0.2338708778        3.8055634525        0.1616784272        0.0018592316        0.0091387253        3.8055634366        0.1616784251        8.2878186412        0.4625490929        3.8098747901        0.1601823593        0.0018592315        0.0091387250        3.8098748069        0.1601823579        4.0794766354        0.2144714919
       -0.2525252525   14   14   14        4.0461584133        0.2415374796        3.6899741262        0.1615439426        0.0011985122        0.0115686832        3.6899741144        0.1615439420        8.3565287708        0.5392244032        3.6971707370        0.1650158722        0.0011985122        0.0115686832        3.6971707484        0.1650158705        4.0432254605        0.2272974960
       -0.2121212121   14   14   14        4.0943990048        0.2804002019        3.5398196292        0.1785575303        0.0037020634        0.0213788053        3.5398196232        0.1785575291        8.5120962557        0.6202498210        3.5428962267        0.1821774658        0.0037020633        0.0213788053        3.5428962326        0.1821774636        4.0938020138        0.2657628686
       -0.1717171717   14   14   14        3.7744934451        0.2116226597        3.5034400684        0.1601382549        0.0032577620        0.0064417352        3.5034400425        0.1601382532        8.0381925821        0.5982432890        3.5062682890        0.1712753446        0.0032577620        0.0064417351        3.5062683153        0.1712753423        3.7764231706        0.2111366584
       -0.1313131313   14   14   14        3.6875305054        0.2286094403        3.3998437293        0.1704462622        0.0029551238        0.0104788402        3.3998436964        0.1704462595        7.6736175400        0.6043978743        3.4038426378        0.1805982230        0.0029551239        0.0104788406        3.4038426722        0.1805982220        3.6923794753        0.2292899262
       -0.0909090909   14   14   14        3.5582720576        0.2415705848        3.2799701870        0.1700219924        0.0017461701        0.0069305678        3.2799701579        0.1700219918        7.2235476613        0.4283923401        3.2849190093        0.1891505849        0.0017461702        0.0069305678        3.2849190421        0.1891505815        3.5724111890        0.2480860644
       -0.0505050505   14   14   14        3.5097315512        0.2658691986        3.1160889737        0.1918853030        0.0047937999        0.0103371966        3.1160889452        0.1918853045        7.1044907939        0.4757826581        3.1291715732        0.1908474365        0.0047938000        0.0103371963        3.1291716014        0.1908474339        3.5132563203        0.2606355331
       -0.0101010101   14   14   14        3.3485645032        0.2670899372        2.9889408244        0.1856488087        0.0033834991        0.0111922715        2.9889407808        0.1856488107        6.8351896163        0.4765903733        2.9928270993        0.2034128763        0.0033834993        0.0111922714        2.9928271478        0.2034128732        3.3577690885        0.2669248978
        0.0303030303   14   14   14        3.1859823459        0.2564992530        2.8035844729        0.1815005893        0.0035584458        0.0182178960        2.8035844224        0.1815005935        6.6794130392        0.5800657520        2.8077704143        0.1980955358        0.0035584456        0.0182178972        2.8077704448        0.1980955322        3.1998402794        0.2589396311
        0.0707070707   14   14   14        3.0031742833        0.2450863748        2.6144207460        0.1942230533        0.0050535226        0.0141937285        2.6144207069        0.1942230526        6.2610334655        0.5425953785        2.6187149512        0.1986583562        0.0050535227        0.0141937287        2.6187149915        0.1986583550        3.0280917495        0.2564766525
        0.1919191919   14   14   14        3.0988539089        0.3541830860        0.9671916619        0.1886296169        0.2875029591        0.0897887614        0.9671916486        0.1886296008        6.8274518098        0.5911362277        0.9613329287        0.1914444011        0.2875029572        0.0897887578        0.9613329475        0.1914444202        3.1229802355        0.3786763854
        0.2323232323   14   14   14        3.4676873042        0.3720754923        0.9296664924        0.1985527079        0.4363384050        0.0956282737        0.9296550904        0.1985563846        7.5994391737        0.6515042785        0.9327600313        0.1949605442        0.4363361641        0.0956285647        0.9327577308        0.1949644690        3.4649603807        0.3746561723
        0.3131313131   14   14   14        3.6379097590        0.3487953739        0.8877278104        0.2411872937        0.5619405016        0.1179427048        0.8877278052        0.2411872847        8.0452095257        0.6291538223        0.8839602552        0.2337950773        0.5619405093        0.1179427399        0.8839602028        0.2337950986        3.6730481314        0.3667424441
        0.3535353535   14   14   14        4.0118586965        0.4234382820        0.8309700939        0.2195391553        0.6497199123        0.1326744046        0.8309698700        0.2195391040        8.5103176407        0.7445772415        0.8367652529        0.2296978166        0.6497199091        0.1326744237        0.8367654448        0.2296978816        4.0019687610        0.3894242882
        0.3939393939   14   14   14        4.1918787779        0.4490448356        0.5797092024        0.2069960558        0.5689349863        0.1238239229        0.5797090179        0.2069960476        9.4302654779        0.7272480451        0.5843316175        0.2127128707        0.5689349759        0.1238239217        0.5843317854        0.2127129045        4.1977938229        0.4551601435
        0.4343434343   14   14   14        4.5723844401        0.4520264997        0.6037775425        0.2299033017        0.5617188121        0.1446853520        0.6037776425        0.2299032711        9.1476387131        0.6050263139        0.6117136353        0.2287738954        0.5617188049        0.1446853708        0.6117135400        0.2287738958        4.5951071321        0.4548082869
        0.4747474747   14   14   14        5.4393645830        0.4862839820        0.7128443466        0.2360974191        0.5685755712        0.1496695047        0.7128443011        0.2360974150        9.3588607347        0.6150969983        0.7177497951        0.2300736844        0.5685755677        0.1496695225        0.7177498310        0.2300736834        5.4563643312        0.4964168053
        0.5151515152   14   14   14        5.0564483535        0.5460088185        0.2945254042        0.1951206644        0.2484473691        0.1273536776        0.2945254643        0.1951206448        8.5391991060        0.6798817344        0.2849316839        0.2000059567        0.2484473750        0.1273536794        0.2849316096        0.2000059702        5.0401652979        0.5297246156
        0.5555555556   14   14   14        5.1969109314        0.5260861301        0.3172136366        0.1875882507        0.1204919819        0.1438132638        0.3172136128        0.1875882425        7.4311638906        0.6176527792        0.3142215205        0.1875550476        0.1204919804        0.1438132610        0.3142215434        0.1875550544        5.2165067220        0.5380711494
        0.5959595960   14   14   14        4.6644988816        0.5258293141        0.2173156291        0.1607171672        0.0696799259        0.1474676352        0.2173156399        0.1607171699        6.2573490091        0.6488388526        0.2211841617        0.1565837545        0.0696799150        0.1474676315        0.2211841534        0.1565837554        4.6907449124        0.5272001250
        0.6363636364   14   14   14        5.1621780628        0.5157117347        0.3295283346        0.1948527332        0.0686930112        0.1165381178        0.3295283052        0.1948527306        7.2852291305        0.6379200950        0.3249789169        0.1873318992        0.0686929834        0.1165381187        0.3249789085        0.1873319012        5.1156537430        0.5475617005
        0.6767676768   14   14   14        4.6913169555        0.6308975142        0.1009070517        0.1262558064        0.0147246693        0.0989874775        0.1009069925        0.1262558069        5.7942240003        0.6499792012        0.1046678198        0.1272035971        0.0147246694        0.0989874781        0.1046678776        0.1272035985        4.6833744189        0.6474812373
        0.7171717172   14   14   14        5.2819901338        0.6658733972       -0.0968874922        0.1251421615       -0.0337623535        0.1157154284       -0.0968874888        0.1251421592        5.3573407371        0.6068932935       -0.0952463359        0.1247998585       -0.0337623529        0.1157154299       -0.0952463348        0.1247998570        5.2977144001        0.6655807953
        0.7575757576   14   14   14        5.3850423801        0.6181297624       -0.0463871539        0.1049290173       -0.1431208401        0.1297341347       -0.0463872401        0.1049290178        5.0919217213        0.6291852491       -0.0425989069        0.1079202477       -0.1431208417        0.1297341331       -0.0425988249        0.1079202456        5.3855311043        0.6265683019
        0.7979797980   14   14   14        2.1491467195        0.4110172670       -0.3685313790        0.1810512217       -0.2245211366        0.1263884114       -0.3685313572        0.1810512191        4.1164977839        0.6402106262       -0.3593148070        0.1820540576       -0.2245211236        0.1263884163       -0.3593147726        0.1820540495        2.1687964595        0.4063677631
        0.8383838384   14   14   14        8.9317907391        0.5928870344        0.1808205026        0.2307454582        0.2688276438        0.1374300299        0.1808204855        0.2307454577        9.1275406876        0.4374665511        0.1860697534        0.2283997137        0.2688276439        0.1374300298        0.1860697709        0.2283997150        8.9155913675        0.6031896880
        0.8787878788   14   14   14        8.6521701757        0.5892829271       -0.1548967959        0.2231040037        0.1287085016        0.1301804414       -0.1548968090        0.2231040003        8.0639879571        0.3934518337       -0.1508749785        0.2160382514        0.1287085014        0.1301804411       -0.1508749647        0.2160382560        8.6577220226        0.5515051797
        0.9191919192   14   14   14        9.1151990072        0.4777251632        0.1904885296        0.2066294433       -0.0870510409        0.1514830415        0.1904885306        0.2066294457        9.5920719339        0.3522079200        0.1976788704        0.1995782348       -0.0870510420        0.1514830393        0.1976788675        0.1995782316        9.1256731285        0.4721338325
        0.9595959596   14   14   14        8.9902031621        0.5102011233        0.7946012861        0.1888313438        0.4341938763        0.1570773511        0.7946012980        0.1888313408        9.9149263571        0.4390581909        0.8032901099        0.1811583041        0.4341938751        0.1570773472        0.8032900977        0.1811583068        9.0106318145        0.5030964916
        1.0000000000   14   14   14        9.1665227438        0.5644711412        0.9014340055        0.1412555419        0.7789454490        0.1966275441        0.9014342882        0.1412555534        7.5242905357        0.3758003447        0.9046730662        0.1368447821        0.7789454597        0.1966275391        0.9046727968        0.1368447792        9.2174800685        0.5651168685
