# ta1 =         1.0000000000 mua =        -0.8001000000 m1 =         1.1001000000 eo1 =         5.0000000000 m2 =         0.7001000000 eo2 =        -0.5000000000 ta2 =         0.5000000000 ta3 =         0.4000000000
# ts =         1.0000000000 mus =        -1.0000000000 ds =         0.0010000000
# tn =         1.0000000000 mun =        -1.0000000000 ev/ds =         0.0000000001
# tna_pz =         0.2500000000 tna_ab =         0.0000000000 tna_px =         0.2500000000 tna_py =         0.2500000000 tna_dxy =         0.0000000000
# tas_pz =         0.2500000000 tas_ab =         0.0000000000 tas_px =         0.2500000000 tas_py =         0.2500000000 tas_dxy =         0.0000000000
# wid =   200 len =    40 wn =    20 wb1 =    10 wb2 =    60 wb3 =    60 wbs =     0 numr =  1000
# rrtna_pz/tna_pz, nc1, nc2, nc3, G11_ave, G11_var, G21_ave, G21_var, G31_ave, G31_var, G12_ave, G12_var, G22_ave, G22_var, G32_ave, G32_var, G13_ave, G13_var, G23_ave, G23_var, G33_ave, G33_var
        0.0000000001   14   14   14        0.0653310660        0.0000000000        0.0202211190        0.0000000000        0.0043748617        0.0000000000        0.0458706977        0.0000000000        0.2121608867        0.0000000000       -0.0244836917        0.0000000000        0.0587508493        0.0000000000        0.0011658865        0.0000000000        0.1900614428        0.0000000000        0.7583776718        0.0000000000       -0.0101530832        0.0000000000       -0.0000039890        0.0000000000       -0.0101530832        0.0000000000        1.4825250621        0.0000000000       -0.0101530832        0.0000000000       -0.0000039890        0.0000000000       -0.0101530832        0.0000000000        0.7583776718        0.0000000000        0.7482205988        0.0000000000        1.4622188949        0.0000000000        0.7482205988        0.0000000000
        0.0102040817   14   14   14        0.0653259774        0.0001364548        0.0202194167        0.0000613337        0.0043746020        0.0000124697        0.0458677344        0.0001042850        0.2121574374        0.0003777168       -0.0244829741        0.0000968786        0.0587443418        0.0001306959        0.0011692369        0.0001114646        0.1900584672        0.0003334642        0.7583281405        0.0009369247       -0.0101527062        0.0000208547       -0.0000039913        0.0000000214       -0.0101527062        0.0000208547        1.4825999811        0.0018007364       -0.0101537727        0.0000200036       -0.0000039913        0.0000000214       -0.0101537727        0.0000200036        0.7583770653        0.0008881024        0.7481714421        0.0009243094        1.4622935013        0.0017760300        0.7482193004        0.0008767621
        0.0204081634   14   14   14        0.0653393257        0.0002754810        0.0202275427        0.0001255081        0.0043756321        0.0000250251        0.0458838268        0.0002124475        0.2121980548        0.0007618335       -0.0244863596        0.0002026243        0.0587621739        0.0002505430        0.0011690914        0.0002359263        0.1901011271        0.0006726657        0.7584313900        0.0018495671       -0.0101527055        0.0000406232       -0.0000039952        0.0000000417       -0.0101527055        0.0000406232        1.4825961148        0.0035244813       -0.0101534642        0.0000406030       -0.0000039952        0.0000000417       -0.0101534642        0.0000406030        0.7584792879        0.0018576928        0.7482746885        0.0018252411        1.4622899442        0.0034764299        0.7483218276        0.0018333832
        0.0306122450   14   14   14        0.0653413125        0.0004064995        0.0202272253        0.0001906896        0.0043758204        0.0000377349        0.0458825530        0.0003225074        0.2122283402        0.0011408530       -0.0244963432        0.0002862614        0.0587562192        0.0003887994        0.0011692127        0.0003379642        0.1901220158        0.0010008840        0.7583070741        0.0027006563       -0.0101523291        0.0000598662       -0.0000040040        0.0000000629       -0.0101523291        0.0000598662        1.4827629063        0.0054558148       -0.0101557371        0.0000603542       -0.0000040040        0.0000000629       -0.0101557371        0.0000603542        0.7585107884        0.0026908200        0.7481507401        0.0026647456        1.4624548393        0.0053834521        0.7483510465        0.0026548047
        0.0408163266   14   14   14        0.0653469850        0.0005556445        0.0202345666        0.0002559933        0.0043749596        0.0000511453        0.0458925256        0.0004371043        0.2121953241        0.0015479503       -0.0244785320        0.0004063784        0.0587359140        0.0005145352        0.0011804340        0.0004675371        0.1900531463        0.0013599976        0.7584045688        0.0036912621       -0.0101526690        0.0000823830       -0.0000040147        0.0000000851       -0.0101526690        0.0000823830        1.4827861882        0.0071103678       -0.0101520595        0.0000826802       -0.0000040147        0.0000000851       -0.0101520595        0.0000826802        0.7583422792        0.0035913444        0.7482478842        0.0036421386        1.4624814588        0.0070146141        0.7481862041        0.0035418476
        0.0510204083   14   14   14        0.0653591645        0.0006817655        0.0202372240        0.0003183262        0.0043800686        0.0000644944        0.0458956968        0.0005332859        0.2121729185        0.0019553252       -0.0244559982        0.0005024899        0.0587838692        0.0006540432        0.0012204128        0.0005660327        0.1900961220        0.0017119754        0.7587358726        0.0043344079       -0.0101527215        0.0001008178       -0.0000040275        0.0000001038       -0.0101527215        0.0001008178        1.4825673207        0.0088729066       -0.0101498759        0.0001015174       -0.0000040275        0.0000001038       -0.0101498759        0.0001015174        0.7585142666        0.0045117666        0.7485791226        0.0042771989        1.4622647224        0.0087520214        0.7483603622        0.0044515099
        0.0612244899   14   14   14        0.0654019519        0.0008280327        0.0202522779        0.0003916670        0.0043798448        0.0000748518        0.0459323562        0.0006681833        0.2123784921        0.0023372462       -0.0244742122        0.0006181965        0.0587968414        0.0007558721        0.0012212475        0.0006972352        0.1902438480        0.0020574580        0.7587076667        0.0053576089       -0.0101550453        0.0001182079       -0.0000040364        0.0000001257       -0.0101550453        0.0001182079        1.4832072252        0.0104079253       -0.0101568503        0.0001229074       -0.0000040364        0.0000001257       -0.0101568503        0.0001229074        0.7586951622        0.0055321735        0.7485485841        0.0052886560        1.4628953288        0.0102647170        0.7485342747        0.0054539576
        0.0714285715   14   14   14        0.0654090457        0.0009220057        0.0202469995        0.0004272401        0.0043841770        0.0000890251        0.0459473694        0.0007388580        0.2123589406        0.0026077486       -0.0244868442        0.0006950398        0.0588375593        0.0008828069        0.0012026642        0.0007938663        0.1902453955        0.0023239150        0.7588267953        0.0061516850       -0.0101560493        0.0001394862       -0.0000040630        0.0000001495       -0.0101560493        0.0001394862        1.4827318299        0.0118877834       -0.0101495960        0.0001419839       -0.0000040630        0.0000001495       -0.0101495960        0.0001419839        0.7586938742        0.0064756346        0.7486666822        0.0060736354        1.4624261837        0.0117217507        0.7485402144        0.0063905860
        0.0816326531   14   14   14        0.0654129101        0.0010535721        0.0202614520        0.0005198943        0.0043838981        0.0001015328        0.0459940387        0.0008661689        0.2123566791        0.0031340425       -0.0244716175        0.0008353456        0.0588447503        0.0009977686        0.0011967114        0.0009466350        0.1901960846        0.0026712863        0.7592323949        0.0068817035       -0.0101583271        0.0001583208       -0.0000040844        0.0000001662       -0.0101583271        0.0001583208        1.4830175314        0.0147246706       -0.0101511455        0.0001694260       -0.0000040844        0.0000001662       -0.0101511455        0.0001694260        0.7587692362        0.0071179363        0.7490699826        0.0067973170        1.4627080579        0.0145226594        0.7486140055        0.0070139188
        0.0918367348   14   14   14        0.0654658206        0.0012618340        0.0202705253        0.0005612976        0.0043869896        0.0001122105        0.0460033443        0.0009650751        0.2126437477        0.0035668782       -0.0244726837        0.0009108270        0.0588518053        0.0011684077        0.0012632914        0.0010334063        0.1904569841        0.0030876119        0.7589659036        0.0080699486       -0.0101585428        0.0001844591       -0.0000041040        0.0000001894       -0.0101585428        0.0001844591        1.4839777494        0.0165270543       -0.0101611840        0.0001855143       -0.0000041040        0.0000001894       -0.0101611840        0.0001855143        0.7591648430        0.0080390985        0.7488032559        0.0079636985        1.4636580218        0.0163010639        0.7489995541        0.0079311840
        0.1020408164   14   14   14        0.0654060364        0.0013768273        0.0202894328        0.0006445804        0.0043822065        0.0001257937        0.0460420072        0.0010796704        0.2125109390        0.0038357292       -0.0244522339        0.0010513559        0.0587893326        0.0013112518        0.0012581991        0.0011566887        0.1902730827        0.0033247862        0.7587112065        0.0088910613       -0.0101462981        0.0002010350       -0.0000041284        0.0000002017       -0.0101462981        0.0002010350        1.4840362022        0.0174145019       -0.0101514794        0.0002022198       -0.0000041284        0.0000002017       -0.0101514794        0.0002022198        0.7588542761        0.0086593223        0.7485607792        0.0087761102        1.4637384239        0.0171735957        0.7486986675        0.0085406914
        0.1122448980   14   14   14        0.0654076167        0.0015031306        0.0202749763        0.0006931981        0.0043863289        0.0001423436        0.0460153626        0.0011543471        0.2123524508        0.0041894223       -0.0243891444        0.0011008650        0.0588276550        0.0014072152        0.0013488866        0.0012410005        0.1902113766        0.0036676450        0.7591658226        0.0094226932       -0.0101450796        0.0002223226       -0.0000041805        0.0000002370       -0.0101450796        0.0002223226        1.4831198482        0.0194096453       -0.0101407140        0.0002200957       -0.0000041805        0.0000002370       -0.0101407140        0.0002200957        0.7588111348        0.0098266466        0.7490165617        0.0092932290        1.4628340538        0.0191500597        0.7486662395        0.0097007715
        0.1224489797   14   14   14        0.0654418079        0.0015969412        0.0202742079        0.0007580600        0.0043914313        0.0001540398        0.0460020163        0.0012760439        0.2126597398        0.0045369444       -0.0244034937        0.0012301189        0.0588274079        0.0015576945        0.0014114976        0.0014010234        0.1905231735        0.0041037981        0.7589044021        0.0106492016       -0.0101525960        0.0002354280       -0.0000042047        0.0000002552       -0.0101525960        0.0002354280        1.4845718662        0.0204692200       -0.0101587257        0.0002438174       -0.0000042047        0.0000002552       -0.0101587257        0.0002438174        0.7597440006        0.0106463936        0.7487476005        0.0105186794        1.4642605437        0.0201944368        0.7495810693        0.0104993554
        0.1326530613   14   14   14        0.0655534869        0.0017858877        0.0203448546        0.0008393291        0.0043980262        0.0001685982        0.0461700105        0.0013776248        0.2127296879        0.0049782175       -0.0244083293        0.0013253629        0.0588751678        0.0016699602        0.0013770279        0.0014667673        0.1904021714        0.0043705032        0.7598385173        0.0117918905       -0.0101575280        0.0002612693       -0.0000042474        0.0000002826       -0.0101575280        0.0002612693        1.4845684025        0.0234697671       -0.0101440141        0.0002690414       -0.0000042474        0.0000002826       -0.0101440141        0.0002690414        0.7590314763        0.0119609156        0.7496767411        0.0116366923        1.4642668596        0.0231625179        0.7488832140        0.0117867240
        0.1428571429   14   14   14        0.0656376074        0.0019015662        0.0203896301        0.0008774905        0.0044015501        0.0001838162        0.0462635590        0.0014711584        0.2132010450        0.0052839551       -0.0244884450        0.0014346267        0.0589643367        0.0018945572        0.0013087062        0.0015941238        0.1908081648        0.0048906318        0.7600700476        0.0124965822       -0.0101598232        0.0002764957       -0.0000042943        0.0000003064       -0.0101598232        0.0002764957        1.4856387146        0.0244730019       -0.0101598692        0.0002877226       -0.0000042943        0.0000003064       -0.0101598692        0.0002877226        0.7599239981        0.0129100185        0.7499059292        0.0123365383        1.4653190213        0.0241465410        0.7497598338        0.0127293120
        0.1530612246   14   14   14        0.0655289130        0.0020667095        0.0203026399        0.0009775099        0.0044048538        0.0001892583        0.0461180855        0.0016265556        0.2128745552        0.0058409253       -0.0243887343        0.0014864587        0.0589109920        0.0019277249        0.0014559566        0.0017176808        0.1906366278        0.0051161582        0.7593092805        0.0132150892       -0.0101527295        0.0002967150       -0.0000043396        0.0000003209       -0.0101527295        0.0002967150        1.4852392310        0.0270318618       -0.0101618310        0.0003042028       -0.0000043396        0.0000003209       -0.0101618310        0.0003042028        0.7598713261        0.0137305352        0.7491522106        0.0130415005        1.4649246697        0.0266769196        0.7497051547        0.0135401528
        0.1632653062   14   14   14        0.0655503320        0.0021941650        0.0203783229        0.0010034428        0.0044014043        0.0002065736        0.0462609566        0.0017162727        0.2128795272        0.0062238442       -0.0243624011        0.0015704762        0.0589280969        0.0019991571        0.0014751696        0.0018013761        0.1905915634        0.0054357449        0.7602154522        0.0139188029       -0.0101471958        0.0003168524       -0.0000043980        0.0000003579       -0.0101471958        0.0003168524        1.4849775139        0.0280445727       -0.0101425728        0.0003282937       -0.0000043980        0.0000003579       -0.0101425728        0.0003282937        0.7599514380        0.0148792576        0.7500638576        0.0137328216        1.4646877445        0.0276578198        0.7498044664        0.0146774847
        0.1734693878   14   14   14        0.0655878058        0.0023246595        0.0203671822        0.0010963528        0.0044028552        0.0002202676        0.0462312985        0.0018321116        0.2130767090        0.0065868620       -0.0242685010        0.0017088858        0.0588953624        0.0022910636        0.0016378345        0.0018933802        0.1907389813        0.0058937583        0.7599195704        0.0151073418       -0.0101473844        0.0003401788       -0.0000044373        0.0000003774       -0.0101473844        0.0003401788        1.4868670310        0.0293555491       -0.0101526959        0.0003444217       -0.0000044373        0.0000003774       -0.0101526959        0.0003444217        0.7603192844        0.0154083872        0.7497677478        0.0149039857        1.4665669498        0.0289583327        0.7501621503        0.0151925589
        0.1836734695   14   14   14        0.0657046267        0.0025935339        0.0204307455        0.0011901294        0.0044213586        0.0002286296        0.0463755519        0.0019662114        0.2132513830        0.0071340733       -0.0243213545        0.0017888424        0.0590811845        0.0022755321        0.0015999597        0.0020538619        0.1909456492        0.0058369600        0.7607054814        0.0162998255       -0.0101455171        0.0003726444       -0.0000045013        0.0000004000       -0.0101455171        0.0003726444        1.4857499507        0.0330370990       -0.0101439833        0.0003573894       -0.0000045013        0.0000004000       -0.0101439833        0.0003573894        0.7606307080        0.0155798377        0.7505554621        0.0160810444        1.4654604493        0.0325914442        0.7504822225        0.0153829816
        0.1938775511   14   14   14        0.0657764976        0.0025772864        0.0204428822        0.0012338795        0.0044183556        0.0002490700        0.0464102890        0.0020595427        0.2135752437        0.0072462333       -0.0242877931        0.0020589159        0.0590042594        0.0024965636        0.0017096331        0.0022830691        0.1910788977        0.0063643420        0.7603884865        0.0168364139       -0.0101498975        0.0003748965       -0.0000045616        0.0000004359       -0.0101498975        0.0003748965        1.4873141783        0.0336944115       -0.0101463240        0.0003789702       -0.0000045616        0.0000004359       -0.0101463240        0.0003789702        0.7604039134        0.0169510874        0.7502340265        0.0166169061        1.4670179560        0.0332606761        0.7502530269        0.0167325893
        0.2040816327   14   14   14        0.0657939747        0.0027780757        0.0204689490        0.0013135878        0.0044201765        0.0002608034        0.0465092774        0.0022104977        0.2136675322        0.0078239910       -0.0243236643        0.0019619366        0.0589647347        0.0024693243        0.0016236234        0.0022942284        0.1909771326        0.0067168316        0.7605264847        0.0174802814       -0.0101571006        0.0004011466       -0.0000046464        0.0000004537       -0.0101571006        0.0004011466        1.4887784750        0.0362529348       -0.0101593053        0.0004069134       -0.0000046464        0.0000004537       -0.0101593053        0.0004069134        0.7603459464        0.0187658419        0.7503647368        0.0172402366        1.4684620682        0.0357647324        0.7501819937        0.0185141783
        0.2142857143   14   14   14        0.0656475017        0.0029929592        0.0204558899        0.0013347997        0.0044183709        0.0002716168        0.0463560241        0.0022823508        0.2129708265        0.0082869921       -0.0241420121        0.0021282650        0.0590562662        0.0026655687        0.0018813225        0.0024462667        0.1908405923        0.0071275420        0.7611408334        0.0185612611       -0.0101295917        0.0004310045       -0.0000046920        0.0000004855       -0.0101295917        0.0004310045        1.4860728281        0.0373812767       -0.0101239450        0.0004307071       -0.0000046920        0.0000004855       -0.0101239450        0.0004307071        0.7612544117        0.0185843076        0.7510065488        0.0182987187        1.4658192905        0.0368695470        0.7511257739        0.0183217550
        0.2244897960   14   14   14        0.0659153460        0.0031406797        0.0204850912        0.0014920277        0.0044453082        0.0002907409        0.0465083338        0.0025054274        0.2138321781        0.0087271279       -0.0241488827        0.0022731968        0.0592039898        0.0028325282        0.0019373526        0.0026459837        0.1914510106        0.0075211897        0.7623166051        0.0199184091       -0.0101582409        0.0004466988       -0.0000048018        0.0000005116       -0.0101582409        0.0004466988        1.4880251450        0.0404581155       -0.0101444598        0.0004565544       -0.0000048018        0.0000005116       -0.0101444598        0.0004565544        0.7618518778        0.0196498415        0.7521535614        0.0196501993        1.4677224434        0.0399139998        0.7517026153        0.0193736945
        0.2346938776   14   14   14        0.0659080586        0.0033279076        0.0205247631        0.0015567254        0.0044490741        0.0002893263        0.0466475941        0.0026592337        0.2139374354        0.0091410798       -0.0241396244        0.0023802153        0.0591871366        0.0028634947        0.0019259225        0.0027375955        0.1913758713        0.0076458028        0.7621588265        0.0206165203       -0.0101444222        0.0004818724       -0.0000048703        0.0000005551       -0.0101444222        0.0004818724        1.4896312050        0.0423284616       -0.0101393081        0.0004620533       -0.0000048703        0.0000005551       -0.0101393081        0.0004620533        0.7616571292        0.0206864206        0.7520095330        0.0203220854        1.4693474738        0.0417638147        0.7515129499        0.0204181601
        0.2448979592   14   14   14        0.0661681585        0.0033787100        0.0206319971        0.0015998169        0.0044681371        0.0003181813        0.0468750018        0.0026368929        0.2144116508        0.0090397443       -0.0242541305        0.0025228302        0.0593385694        0.0031797108        0.0018033422        0.0028273002        0.1916152327        0.0080057507        0.7636426940        0.0223331221       -0.0101704422        0.0004768867       -0.0000049773        0.0000005775       -0.0101704422        0.0004768867        1.4896494498        0.0405577823       -0.0101499717        0.0004678756       -0.0000049773        0.0000005775       -0.0101499717        0.0004678756        0.7617925973        0.0211833229        0.7534672736        0.0220439491        1.4693290351        0.0400226385        0.7516376474        0.0209022838
        0.2551020409   14   14   14        0.0660107020        0.0036719873        0.0205335747        0.0016727430        0.0044739149        0.0003491883        0.0466371876        0.0027777850        0.2141658187        0.0102043650       -0.0241825085        0.0025908271        0.0594538536        0.0033553836        0.0020728246        0.0029511749        0.1920192110        0.0088776965        0.7628589476        0.0231117869       -0.0101430776        0.0005116441       -0.0000050517        0.0000006242       -0.0101430776        0.0005116441        1.4881100205        0.0443411423       -0.0101521120        0.0005128248       -0.0000050517        0.0000006242       -0.0101521120        0.0005128248        0.7637469864        0.0228546904        0.7527108175        0.0227925249        1.4678148300        0.0437335958        0.7535898219        0.0225364801
        0.2653061225   14   14   14        0.0662087787        0.0037034995        0.0205749737        0.0017336145        0.0044864097        0.0003492302        0.0468382434        0.0028990245        0.2147137361        0.0101817033       -0.0240946654        0.0026637936        0.0595298426        0.0033208091        0.0021803533        0.0030377654        0.1922570602        0.0088890890        0.7641759481        0.0233909460       -0.0101564028        0.0005175120       -0.0000051714        0.0000006235       -0.0101564028        0.0005175120        1.4891486576        0.0440360873       -0.0101386489        0.0005190981       -0.0000051714        0.0000006235       -0.0101386489        0.0005190981        0.7628581290        0.0238600054        0.7540143731        0.0230693327        1.4688536050        0.0434345150        0.7527143078        0.0235400269
        0.2755102041   14   14   14        0.0662214769        0.0037586125        0.0206218594        0.0017939094        0.0044909898        0.0003626650        0.0468919916        0.0029782500        0.2148153574        0.0102889330       -0.0241840397        0.0027547226        0.0596684342        0.0034418825        0.0021228983        0.0030974563        0.1925238929        0.0089417918        0.7648825393        0.0244496704       -0.0101743372        0.0005540972       -0.0000053054        0.0000006681       -0.0101743372        0.0005540972        1.4890076712        0.0480961243       -0.0101700081        0.0005343578       -0.0000053054        0.0000006681       -0.0101700081        0.0005343578        0.7650650554        0.0245317019        0.7547028957        0.0241172946        1.4686633250        0.0474612894        0.7548897410        0.0242233920
        0.2857142858   14   14   14        0.0662479750        0.0040714978        0.0206955212        0.0019365275        0.0044856957        0.0003709819        0.0469688094        0.0032715194        0.2147615573        0.0112110526       -0.0239575509        0.0029711820        0.0595879922        0.0035167959        0.0024003463        0.0033907709        0.1924048657        0.0094516058        0.7649206812        0.0258050741       -0.0101322162        0.0005707357       -0.0000054496        0.0000007349       -0.0101322162        0.0005707357        1.4896823436        0.0495600963       -0.0101311121        0.0005719030       -0.0000054496        0.0000007349       -0.0101311121        0.0005719030        0.7645617367        0.0245849561        0.7547830145        0.0254597857        1.4694190145        0.0488830364        0.7544251742        0.0242395861
        0.2959183674   14   14   14        0.0661662937        0.0040630810        0.0207180079        0.0019788560        0.0044895804        0.0004164415        0.0471043800        0.0031626256        0.2146618059        0.0115086825       -0.0238867981        0.0029821515        0.0594851688        0.0038095650        0.0023391463        0.0033652294        0.1919970465        0.0099637454        0.7642455247        0.0257901911       -0.0101050510        0.0005935493       -0.0000054720        0.0000007592       -0.0101050510        0.0005935493        1.4893522275        0.0534445072       -0.0101072456        0.0006109446       -0.0000054720        0.0000007592       -0.0101072456        0.0006109446        0.7644357856        0.0260058503        0.7541350007        0.0254510171        1.4691399300        0.0527236210        0.7543230671        0.0256338193
        0.3061224490   14   14   14        0.0663379209        0.0044350181        0.0207835128        0.0020951647        0.0044975477        0.0004194681        0.0472186923        0.0034774270        0.2154610180        0.0119909583       -0.0240836333        0.0030071875        0.0595862028        0.0039238957        0.0022836359        0.0034982136        0.1927056626        0.0103710838        0.7639861529        0.0278545199       -0.0101296592        0.0006062727       -0.0000056372        0.0000008297       -0.0101296592        0.0006062727        1.4925511199        0.0525997876       -0.0101542284        0.0006033271       -0.0000056372        0.0000008297       -0.0101542284        0.0006033271        0.7656026768        0.0276889624        0.7538508557        0.0274910257        1.4722672314        0.0518656425        0.7554428104        0.0273333698
        0.3163265306   14   14   14        0.0662896566        0.0044567986        0.0206647985        0.0021417747        0.0045207870        0.0004389178        0.0470112453        0.0035381055        0.2152249694        0.0120970461       -0.0239623490        0.0031235428        0.0597832867        0.0040472840        0.0026618812        0.0036062082        0.1931096706        0.0105254891        0.7643617376        0.0279379915       -0.0101328885        0.0006245609       -0.0000058588        0.0000008608       -0.0101328885        0.0006245609        1.4915724777        0.0550369113       -0.0101619723        0.0006216269       -0.0000058588        0.0000008608       -0.0101619723        0.0006216269        0.7658223752        0.0275754538        0.7542229894        0.0275574250        1.4712776160        0.0543126564        0.7556545432        0.0272089289
        0.3265306123   14   14   14        0.0663538007        0.0045906443        0.0207707979        0.0021559990        0.0045171598        0.0004315681        0.0472787427        0.0035538244        0.2152636149        0.0127887968       -0.0239012812        0.0034072779        0.0595949812        0.0040382405        0.0025327463        0.0038003979        0.1925116956        0.0109748568        0.7652197802        0.0292322812       -0.0101244042        0.0006478277       -0.0000059236        0.0000009058       -0.0101244042        0.0006478277        1.4926543913        0.0574044370       -0.0101154929        0.0006680790       -0.0000059236        0.0000009058       -0.0101154929        0.0006680790        0.7645718066        0.0298339672        0.7550894515        0.0288606615        1.4724144932        0.0565980669        0.7544503891        0.0294179567
        0.3367346939   14   14   14        0.0664340602        0.0045394046        0.0207542856        0.0022160246        0.0045415637        0.0004801395        0.0472115559        0.0036156294        0.2155211671        0.0127627265       -0.0239394326        0.0034357412        0.0598810315        0.0043059934        0.0027158032        0.0039030738        0.1932850492        0.0112214611        0.7644084245        0.0279863552       -0.0101124609        0.0006516028       -0.0000061928        0.0000009542       -0.0101124609        0.0006516028        1.4912729657        0.0592231231       -0.0101402634        0.0006620424       -0.0000061928        0.0000009542       -0.0101402634        0.0006620424        0.7669121906        0.0307207621        0.7542897700        0.0276116186        1.4710202406        0.0584595420        0.7567657336        0.0303163654
        0.3469387755   14   14   14        0.0664960112        0.0048963577        0.0208910778        0.0022759899        0.0045184081        0.0004848114        0.0475986579        0.0038070792        0.2156092140        0.0133005855       -0.0238048103        0.0035674377        0.0595771244        0.0044615083        0.0025931890        0.0039414787        0.1923765190        0.0112083380        0.7657411162        0.0318764045       -0.0101095650        0.0006925382       -0.0000062963        0.0000010452       -0.0101095650        0.0006925382        1.4926753610        0.0620965176       -0.0100939394        0.0006717926       -0.0000062963        0.0000010452       -0.0100939394        0.0006717926        0.7644903366        0.0300082288        0.7556252540        0.0314495647        1.4724718558        0.0612955303        0.7543901000        0.0296122596
        0.3571428572   14   14   14        0.0668097439        0.0051757098        0.0209831132        0.0025318689        0.0045556001        0.0005334451        0.0476518583        0.0040021278        0.2163868198        0.0139998747       -0.0237313473        0.0037763740        0.0597701121        0.0047777136        0.0029036411        0.0041996255        0.1932436571        0.0121495178        0.7661543765        0.0316878558       -0.0101322837        0.0007166694       -0.0000064077        0.0000010216       -0.0101322837        0.0007166694        1.4975884022        0.0630188327       -0.0101287068        0.0007230690       -0.0000064077        0.0000010216       -0.0101287068        0.0007230690        0.7659592539        0.0320883815        0.7560156842        0.0312497335        1.4773274108        0.0621783817        0.7558241386        0.0316547930
        0.3673469388   14   14   14        0.0670738232        0.0052158900        0.0210238094        0.0025351386        0.0045828944        0.0005395368        0.0477097264        0.0040636486        0.2166807919        0.0141392221       -0.0236887185        0.0036712925        0.0601204637        0.0045517519        0.0030883309        0.0040101794        0.1938474374        0.0120912758        0.7690841758        0.0321427546       -0.0101455541        0.0007288836       -0.0000066044        0.0000011026       -0.0101455541        0.0007288836        1.4948954501        0.0637619581       -0.0101161663        0.0007459239       -0.0000066044        0.0000011026       -0.0101161663        0.0007459239        0.7674092846        0.0322697620        0.7589320164        0.0317094393        1.4746337288        0.0628693469        0.7572865130        0.0317993586
        0.3775510204   14   14   14        0.0671405085        0.0054195292        0.0211507640        0.0026741772        0.0045821382        0.0005998783        0.0478930841        0.0040593219        0.2168850711        0.0143571448       -0.0237849749        0.0039092189        0.0600795961        0.0050046073        0.0030298995        0.0043439173        0.1938170639        0.0129007371        0.7696253774        0.0329327243       -0.0101572333        0.0007211083       -0.0000068924        0.0000011485       -0.0101572333        0.0007211083        1.4972149756        0.0645230104       -0.0101217009        0.0007251805       -0.0000068924        0.0000011485       -0.0101217009        0.0007251805        0.7673888681        0.0343576909        0.7594612509        0.0325059823        1.4769360405        0.0637555452        0.7572602739        0.0339001956
        0.3877551021   14   14   14        0.0668767303        0.0058209546        0.0209761645        0.0028555028        0.0045992912        0.0006213337        0.0477944449        0.0043786800        0.2168203904        0.0152352876       -0.0236737036        0.0041003543        0.0599684263        0.0049515058        0.0032111589        0.0045074487        0.1938457850        0.0131229674        0.7668747858        0.0344792279       -0.0101190712        0.0007705485       -0.0000070796        0.0000012262       -0.0101190712        0.0007705485        1.4979191890        0.0680387320       -0.0101253818        0.0007755485       -0.0000070796        0.0000012262       -0.0101253818        0.0007755485        0.7674309907        0.0357954295        0.7567486341        0.0340087932        1.4776747352        0.0670995256        0.7572985284        0.0353320443
        0.3979591837   14   14   14        0.0672477266        0.0056996142        0.0211383928        0.0028577528        0.0046385753        0.0005952729        0.0480921937        0.0044625911        0.2177392269        0.0154547340       -0.0235968436        0.0041900155        0.0604413669        0.0051044241        0.0032924325        0.0046834225        0.1948198833        0.0132566258        0.7702616240        0.0350936852       -0.0101275184        0.0007801790       -0.0000073684        0.0000012970       -0.0101275184        0.0007801790        1.4968929703        0.0695356750       -0.0101426536        0.0007774450       -0.0000073684        0.0000012970       -0.0101426536        0.0007774450        0.7709171035        0.0359800594        0.7601267363        0.0346143468        1.4766227974        0.0686386769        0.7607670806        0.0354971206
        0.4081632653   14   14   14        0.0671891374        0.0060118794        0.0211533264        0.0029518640        0.0046428045        0.0006703925        0.0481155084        0.0044242272        0.2176867260        0.0156103320       -0.0237495475        0.0043623112        0.0603698609        0.0052159983        0.0032819284        0.0049397382        0.1948232899        0.0136816865        0.7688569752        0.0360471920       -0.0101214515        0.0008176256       -0.0000074995        0.0000014020       -0.0101214515        0.0008176256        1.5002603622        0.0699326463       -0.0101304811        0.0008113773       -0.0000074995        0.0000014020       -0.0101304811        0.0008113773        0.7695483822        0.0364538929        0.7587280233        0.0355417703        1.4800084287        0.0689931678        0.7594104008        0.0359660342
        0.4183673470   14   14   14        0.0672857878        0.0060858047        0.0211192212        0.0030087369        0.0046192192        0.0006404611        0.0481942220        0.0047018727        0.2178413288        0.0163975688       -0.0235263467        0.0045285198        0.0602829748        0.0052442633        0.0035283993        0.0050624008        0.1945980465        0.0140384162        0.7702667125        0.0366952181       -0.0101511694        0.0008135403       -0.0000078142        0.0000014901       -0.0101511694        0.0008135403        1.4997903053        0.0711683754       -0.0101362316        0.0008280904       -0.0000078142        0.0000014901       -0.0101362316        0.0008280904        0.7695872288        0.0374683415        0.7601077281        0.0362102191        1.4795029035        0.0702091856        0.7594431822        0.0369713987
        0.4285714286   14   14   14        0.0676727162        0.0065463802        0.0213656280        0.0034211037        0.0046587129        0.0008110993        0.0484987310        0.0048403310        0.2185586813        0.0165058616       -0.0234607822        0.0046641325        0.0604886931        0.0054061180        0.0036070357        0.0049683750        0.1951193628        0.0143598646        0.7718552637        0.0372697022       -0.0101355556        0.0008437039       -0.0000081369        0.0000016327       -0.0101355556        0.0008437039        1.5025394822        0.0749514040       -0.0101127389        0.0008684264       -0.0000081369        0.0000016327       -0.0101127389        0.0008684264        0.7706872848        0.0382463440        0.7617115703        0.0367803843        1.4822911868        0.0739511757        0.7605664082        0.0377052578
        0.4387755102   14   14   14        0.0677781695        0.0067383819        0.0212151296        0.0033978795        0.0047288155        0.0007211117        0.0482294209        0.0048709864        0.2190958333        0.0172713898       -0.0231045357        0.0046234961        0.0606162038        0.0055530568        0.0041749207        0.0050730288        0.1958869934        0.0146342777        0.7713212164        0.0383492507       -0.0101382670        0.0008623339       -0.0000082608        0.0000016044       -0.0101382670        0.0008623339        1.5044311664        0.0742645992       -0.0101693133        0.0008459133       -0.0000082608        0.0000016044       -0.0101693133        0.0008459133        0.7728779832        0.0373300908        0.7611746877        0.0378400610        1.4841235852        0.0732383130        0.7627004082        0.0368252725
        0.4489795918   14   14   14        0.0681312238        0.0134661231        0.0212421884        0.0079544978        0.0047826829        0.0031301437        0.0483617835        0.0091395950        0.2195234528        0.0331230883       -0.0225298647        0.0170318667        0.0603288928        0.0057983382        0.0039911488        0.0052305677        0.1948934144        0.0150410409        0.7720360317        0.0389465099       -0.0101014445        0.0008747754       -0.0000085495        0.0000017227       -0.0101014445        0.0008747754        1.5032502211        0.0772996938       -0.0100861698        0.0008727750       -0.0000085495        0.0000017227       -0.0100861698        0.0008727750        0.7714087433        0.0399527000        0.7619260367        0.0383993358        1.4830626059        0.0762877699        0.7613140231        0.0394243265
        0.4591836735   14   14   14        0.0680889912        0.0079729457        0.0214945400        0.0043720575        0.0047608173        0.0010429692        0.0486857467        0.0053906198        0.2194735538        0.0187749351       -0.0232584856        0.0051716373        0.0608307130        0.0059588965        0.0039894701        0.0055681573        0.1960387447        0.0157735666        0.7738149127        0.0409026274       -0.0101445707        0.0009233028       -0.0000088899        0.0000018483       -0.0101445707        0.0009233028        1.5037810165        0.0814402734       -0.0101296468        0.0009171380       -0.0000088899        0.0000018483       -0.0101296468        0.0009171380        0.7735101906        0.0388433439        0.7636614513        0.0403533667        1.4835067982        0.0803271468        0.7633716531        0.0383037139
        0.4693877551   14   14   14        0.0677189395        0.0069482490        0.0213317918        0.0036247328        0.0047165066        0.0008495021        0.0488454877        0.0052895469        0.2197065434        0.0191390835       -0.0229926826        0.0054211779        0.0607784456        0.0059965499        0.0042238558        0.0055301014        0.1961834198        0.0160061862        0.7732720426        0.0410303988       -0.0100794322        0.0009084742       -0.0000093370        0.0000018803       -0.0100794322        0.0009084742        1.5028739777        0.0820434515       -0.0100902974        0.0009202913       -0.0000093370        0.0000018803       -0.0100902974        0.0009202913        0.7742352463        0.0419088958        0.7631832725        0.0405169754        1.4827042472        0.0809344334        0.7641356110        0.0413821878
        0.4795918367   14   14   14        0.0685341380        0.0079161415        0.0217005989        0.0041858288        0.0048205407        0.0010480984        0.0490879171        0.0056005359        0.2200693628        0.0191333081       -0.0233459374        0.0053794740        0.0610344392        0.0061215984        0.0039855332        0.0054701276        0.1962832502        0.0161162195        0.7756557521        0.0419506414       -0.0101321313        0.0009688616       -0.0000095104        0.0000020489       -0.0101321313        0.0009688616        1.5034243821        0.0838680535       -0.0101033080        0.0009364094       -0.0000095104        0.0000020489       -0.0101033080        0.0009364094        0.7739641312        0.0418462528        0.7655141096        0.0413803627        1.4831889420        0.0826812564        0.7638513120        0.0413411776
        0.4897959184   14   14   14        0.0692517939        0.0176959254        0.0216620087        0.0116780242        0.0050014130        0.0044636403        0.0485006605        0.0096589181        0.2210718248        0.0359035421       -0.0221804915        0.0207669791        0.0610261350        0.0062981311        0.0046511236        0.0056658183        0.1966251571        0.0163582975        0.7753463453        0.0442986354       -0.0101118615        0.0009664300       -0.0000098935        0.0000021569       -0.0101118615        0.0009664300        1.5048688457        0.0855077277       -0.0101048806        0.0009475625       -0.0000098935        0.0000021569       -0.0101048806        0.0009475625        0.7753535994        0.0432689684        0.7652245895        0.0437215556        1.4846521027        0.0843559288        0.7652388244        0.0427220297
        0.5000000000   14   14   14        0.0687566244        0.0093862986        0.0214089011        0.0058750128        0.0048891635        0.0019662188        0.0489327258        0.0067133303        0.2216919851        0.0234684612       -0.0228146456        0.0095986014        0.0609428324        0.0066753851        0.0042586241        0.0057342610        0.1970177216        0.0176616098        0.7731386500        0.0453702620       -0.0101278741        0.0009922889       -0.0000103186        0.0000022494       -0.0101278741        0.0009922889        1.5087659634        0.0826048472       -0.0101262643        0.0009983797       -0.0000103186        0.0000022494       -0.0101262643        0.0009983797        0.7751270764        0.0459473982        0.7630004564        0.0447510015        1.4885118242        0.0814774303        0.7649904927        0.0453161539
