# ta1 =         1.0000000000 mua =        -0.8001000000 m1 =         1.1001000000 eo1 =         5.0000000000 m2 =         0.7001000000 eo2 =        -0.5000000000 ta2 =         0.5000000000 ta3 =         0.4000000000
# ts =         1.0000000000 mus =        -1.0000000000 ds =         0.0010000000
# tn =         1.0000000000 mun =        -1.0000000000 ev/ds =         0.0000000001
# tna_pz =         0.5000000000 tna_ab =         0.0000000000 tna_px =         0.5000000000 tna_py =         0.5000000000 tna_dxy =         0.0000000000
# tas_pz =         0.5000000000 tas_ab =         0.0000000000 tas_px =         0.5000000000 tas_py =         0.5000000000 tas_dxy =         0.0000000000
# wid =   200 len =    40 wn =    20 wb1 =    10 wb2 =    60 wb3 =    60 wbs =     0 numr =  1000
# rtna_pz/tna_pz, nc1, nc2, nc3, G11_ave, G11_var, G21_ave, G21_var, G31_ave, G31_var, G12_ave, G12_var, G22_ave, G22_var, G32_ave, G32_var, G13_ave, G13_var, G23_ave, G23_var, G33_ave, G33_var
        0.0000000001   14   14   14        0.4969716730        0.0000000000        0.4582881515        0.0000000000        0.0030116748        0.0000000000        0.4582881505        0.0000000000        1.0002372665        0.0000000000        0.4582881505        0.0000000000        0.0030116748        0.0000000000        0.4582881515        0.0000000000        0.4969716730        0.0000000000
        0.0102040817   14   14   14        0.4969929136        0.0017127148        0.4582893739        0.0018276729        0.0030099675        0.0000284007        0.4582893729        0.0018276729        1.0001906890        0.0025492100        0.4581803807        0.0018163879        0.0030099675        0.0000284007        0.4581803817        0.0018163879        0.4969018191        0.0016685215
        0.0204081634   14   14   14        0.4972067487        0.0033325783        0.4584599165        0.0035592764        0.0030114441        0.0000553088        0.4584599154        0.0035592764        1.0005682743        0.0049889113        0.4583447544        0.0033995478        0.0030114441        0.0000553088        0.4583447554        0.0033995478        0.4970457597        0.0032343433
        0.0306122450   14   14   14        0.4970424208        0.0046747078        0.4580893131        0.0050218793        0.0030115677        0.0000846200        0.4580893121        0.0050218793        1.0004308573        0.0075010095        0.4581796217        0.0052914723        0.0030115677        0.0000846200        0.4581796228        0.0052914723        0.4969801590        0.0049872582
        0.0408163266   14   14   14        0.4973854457        0.0067933016        0.4583055254        0.0070732974        0.0030057744        0.0001153686        0.4583055243        0.0070732973        1.0010126982        0.0105028855        0.4582304465        0.0068282176        0.0030057744        0.0001153686        0.4582304476        0.0068282176        0.4972668654        0.0064722113
        0.0510204083   14   14   14        0.4974740583        0.0082690722        0.4580795083        0.0087408198        0.0030060303        0.0001493117        0.4580795073        0.0087408197        1.0013834873        0.0130088907        0.4583651348        0.0089481189        0.0030060303        0.0001493117        0.4583651358        0.0089481189        0.4974459225        0.0083697139
        0.0612244899   14   14   14        0.4976711130        0.0096297105        0.4581787161        0.0101409248        0.0030092141        0.0001750631        0.4581787151        0.0101409247        1.0016768580        0.0148876650        0.4579946503        0.0105777842        0.0030092141        0.0001750631        0.4579946513        0.0105777842        0.4974153921        0.0098609145
        0.0714285715   14   14   14        0.4976241923        0.0111054963        0.4579043655        0.0117064402        0.0030082802        0.0001997826        0.4579043644        0.0117064402        1.0020422158        0.0172436773        0.4580709916        0.0122336856        0.0030082802        0.0001997826        0.4580709927        0.0122336856        0.4979532554        0.0115653405
        0.0816326531   14   14   14        0.4984243823        0.0129440271        0.4582712125        0.0135829877        0.0029998222        0.0002387761        0.4582712114        0.0135829876        1.0032849393        0.0207571721        0.4577586613        0.0146715678        0.0029998222        0.0002387761        0.4577586624        0.0146715678        0.4980717731        0.0137780224
        0.0918367348   14   14   14        0.4990526088        0.0154578708        0.4583022809        0.0164349128        0.0029980202        0.0002744704        0.4583022798        0.0164349128        1.0042728696        0.0235894661        0.4576531252        0.0158481316        0.0029980202        0.0002744704        0.4576531262        0.0158481316        0.4984644375        0.0146907712
        0.1020408164   14   14   14        0.4983748635        0.0162636561        0.4577010056        0.0172388006        0.0029901403        0.0002973339        0.4577010045        0.0172388006        1.0045628553        0.0250923679        0.4580739604        0.0178386830        0.0029901403        0.0002973339        0.4580739614        0.0178386830        0.4992003617        0.0166397882
        0.1122448980   14   14   14        0.4990827967        0.0178853698        0.4576372452        0.0189286322        0.0029858655        0.0003135517        0.4576372441        0.0189286322        1.0046256252        0.0279540034        0.4571126003        0.0190774790        0.0029858655        0.0003135517        0.4571126014        0.0190774791        0.4987185734        0.0179861140
        0.1224489797   14   14   14        0.4997808269        0.0198313981        0.4575869709        0.0211202910        0.0029917081        0.0003532318        0.4575869699        0.0211202910        1.0068405785        0.0298424878        0.4580631823        0.0208512594        0.0029917081        0.0003532318        0.4580631833        0.0208512594        0.5000916401        0.0195615603
        0.1326530613   14   14   14        0.5000426381        0.0214275206        0.4567088966        0.0231933085        0.0029720409        0.0003865192        0.4567088955        0.0231933085        1.0081916966        0.0338664650        0.4578367248        0.0234866842        0.0029720409        0.0003865192        0.4578367258        0.0234866842        0.5006350916        0.0221032210
        0.1428571429   14   14   14        0.4993722863        0.0229502552        0.4557105000        0.0244242628        0.0029834342        0.0004183528        0.4557104989        0.0244242628        1.0083488441        0.0365430603        0.4585867859        0.0249124647        0.0029834342        0.0004183528        0.4585867870        0.0249124647        0.5014213290        0.0235930214
        0.1530612246   14   14   14        0.5013251586        0.0250057682        0.4573350067        0.0268140874        0.0029921447        0.0004580540        0.4573350056        0.0268140874        1.0108453720        0.0398296629        0.4575038674        0.0272351876        0.0029921447        0.0004580540        0.4575038685        0.0272351876        0.5016555066        0.0257680296
        0.1632653062   14   14   14        0.5017667192        0.0263443466        0.4562902670        0.0283148142        0.0029356071        0.0005165488        0.4562902659        0.0283148141        1.0129904233        0.0423982134        0.4571557501        0.0297240377        0.0029356071        0.0005165488        0.4571557512        0.0297240377        0.5027990256        0.0280645477
        0.1734693878   14   14   14        0.5034014129        0.0288191351        0.4567401396        0.0303646140        0.0029391111        0.0005644102        0.4567401385        0.0303646140        1.0149630350        0.0456966864        0.4557341761        0.0307949839        0.0029391111        0.0005644102        0.4557341772        0.0307949839        0.5026304484        0.0284633773
        0.1836734695   14   14   14        0.5044236504        0.0311528679        0.4559519105        0.0334316666        0.0029505091        0.0005872335        0.4559519094        0.0334316666        1.0178923983        0.0503764114        0.4568856609        0.0319301073        0.0029505091        0.0005872335        0.4568856620        0.0319301074        0.5043526993        0.0307660830
        0.1938775511   14   14   14        0.5033707794        0.0321569103        0.4540689241        0.0335831748        0.0029278550        0.0006518853        0.4540689230        0.0335831748        1.0173304888        0.0543281128        0.4560059649        0.0355630762        0.0029278550        0.0006518853        0.4560059660        0.0355630762        0.5045431028        0.0327637988
        0.2040816327   14   14   14        0.5052453888        0.0346316688        0.4545055799        0.0360523697        0.0029231609        0.0007052126        0.4545055787        0.0360523697        1.0202043392        0.0563437062        0.4549508868        0.0378182779        0.0029231609        0.0007052125        0.4549508879        0.0378182779        0.5050807088        0.0341010227
        0.2142857143   14   14   14        0.5071624200        0.0362246035        0.4558862457        0.0384452639        0.0029204133        0.0007740688        0.4558862445        0.0384452639        1.0242325169        0.0600571084        0.4566039007        0.0380647971        0.0029204133        0.0007740688        0.4566039018        0.0380647972        0.5075028959        0.0362408965
        0.2244897960   14   14   14        0.5082623774        0.0387987590        0.4543321068        0.0407137560        0.0029161465        0.0008474607        0.4543321057        0.0407137560        1.0287633622        0.0735320851        0.4553283920        0.0407780132        0.0029161465        0.0008474607        0.4553283932        0.0407780133        0.5098552536        0.0406137090
        0.2346938776   14   14   14        0.5131512782        0.0424850199        0.4581079075        0.0440587589        0.0028939860        0.0008813360        0.4581079064        0.0440587588        1.0343715544        0.0726049179        0.4543711818        0.0432860171        0.0028939860        0.0008813360        0.4543711829        0.0432860171        0.5103424168        0.0427968945
        0.2448979592   14   14   14        0.5135642903        0.0611694766        0.4559647482        0.0440363708        0.0029165144        0.0009427613        0.4559647470        0.0440363705        1.0381826404        0.0847797562        0.4568194947        0.0430539338        0.0029165144        0.0009427614        0.4568194959        0.0430539338        0.5133808555        0.0425591449
        0.2551020409   14   14   14        0.5143637848        0.0483204206        0.4543150493        0.0478297367        0.0028335905        0.0011375079        0.4543150482        0.0478297366        1.0379644813        0.0861692951        0.4534765642        0.0458950146        0.0028335905        0.0011375080        0.4534765653        0.0458950147        0.5123057851        0.0462171809
        0.2653061225   14   14   14        0.5158010856        0.0598091843        0.4529792545        0.0502364203        0.0028917401        0.0011244871        0.4529792533        0.0502364202        1.0443779039        0.1198614968        0.4534765828        0.0462001010        0.0028917401        0.0011244871        0.4534765838        0.0462001012        0.5162448687        0.0617980999
        0.2755102041   14   14   14        0.5202314306        0.0609467308        0.4538698777        0.0507612544        0.0028423561        0.0011997827        0.4538698766        0.0507612542        1.0554255780        0.1081848258        0.4566934377        0.0515281286        0.0028423561        0.0011997827        0.4566934389        0.0515281288        0.5225492248        0.0571251549
        0.2857142858   14   14   14        0.5199659647        0.0592503705        0.4510901606        0.0535939302        0.0028742408        0.0014124602        0.4510901595        0.0535939300        1.0573755409        0.1260473639        0.4530553952        0.0529449985        0.0028742409        0.0014124602        0.4530553964        0.0529449986        0.5242937316        0.0716566754
        0.2959183674   14   14   14        0.5219253158        0.0646525637        0.4545751386        0.0550859326        0.0028576543        0.0014962908        0.4545751374        0.0550859324        1.0568943436        0.1244744971        0.4548595465        0.0535858651        0.0028576543        0.0014962908        0.4548595475        0.0535858653        0.5241190242        0.0721757196
        0.3061224490   14   14   14        0.5277909872        0.0757319625        0.4540145506        0.0585315799        0.0027763689        0.0015943050        0.4540145495        0.0585315797        1.0696936506        0.1587775514        0.4518086001        0.0556481293        0.0027763689        0.0015943050        0.4518086010        0.0556481295        0.5259529047        0.0780913839
        0.3163265306   14   14   14        0.5311304030        0.0796607289        0.4529345559        0.0591307855        0.0027890348        0.0017441829        0.4529345548        0.0591307854        1.0753322440        0.1520410887        0.4530314779        0.0581728186        0.0027890349        0.0017441829        0.4530314790        0.0581728188        0.5302869893        0.0787403298
        0.3265306123   14   14   14        0.5334900890        0.0851438117        0.4491192714        0.0622055603        0.0027263987        0.0022728058        0.4491192702        0.0622055601        1.0945624011        0.2034375987        0.4515302651        0.0626473207        0.0027263987        0.0022728061        0.4515302662        0.0626473212        0.5399205541        0.1030633401
        0.3367346939   14   14   14        0.5449346784        0.1156342357        0.4503215943        0.0629436584        0.0026521399        0.0026664702        0.4503215935        0.0629436576        1.1084006487        0.2366556612        0.4503596277        0.0645113242        0.0026521399        0.0026664702        0.4503596286        0.0645113248        0.5456211824        0.1107753895
        0.3469387755   14   14   14        0.5479679929        0.1128103933        0.4496783005        0.0665044314        0.0026197981        0.0026365924        0.4496782997        0.0665044309        1.1155318264        0.2312917864        0.4486342417        0.0665397382        0.0026197981        0.0026365923        0.4486342425        0.0665397386        0.5508600667        0.1224672407
        0.3571428572   14   14   14        0.5499513850        0.1217172252        0.4500326136        0.0694197776        0.0025886608        0.0026334637        0.4500326127        0.0694197770        1.1130567507        0.2118125462        0.4514948055        0.0655165640        0.0025886608        0.0026334638        0.4514948065        0.0655165642        0.5443759503        0.0997106899
        0.3673469388   14   14   14        0.5581873176        0.1415934550        0.4475996830        0.0668093355        0.0024519999        0.0038210649        0.4475996823        0.0668093356        1.1316614690        0.2518870653        0.4507480657        0.0709309253        0.0024519999        0.0038210649        0.4507480665        0.0709309257        0.5561203625        0.1195882463
        0.3775510204   14   14   14        0.5689125618        0.1397074809        0.4511230487        0.0726000683        0.0026468101        0.0033490035        0.4511230478        0.0726000677        1.1565876776        0.2800431304        0.4479341033        0.0688486585        0.0026468101        0.0033490036        0.4479341043        0.0688486588        0.5650069147        0.1438668802
        0.3877551021   14   14   14        0.5601291150        0.1247428634        0.4497110746        0.0712798316        0.0023548972        0.0042015200        0.4497110736        0.0712798311        1.1464383322        0.2826693131        0.4496085583        0.0711743406        0.0023548971        0.0042015199        0.4496085591        0.0711743412        0.5614178986        0.1365357983
        0.3979591837   14   14   14        0.5673113404        0.1475268999        0.4497085917        0.0725655873        0.0025586833        0.0038490426        0.4497085910        0.0725655868        1.1526843778        0.2668673681        0.4508574426        0.0759883353        0.0025586833        0.0038490423        0.4508574435        0.0759883356        0.5694144316        0.1266845497
        0.4081632653   14   14   14        0.5732810322        0.1454669949        0.4515057146        0.0730791682        0.0026189267        0.0042009322        0.4515057137        0.0730791678        1.1661058215        0.2958687680        0.4517319583        0.0752263191        0.0026189268        0.0042009328        0.4517319589        0.0752263196        0.5767131742        0.1582403218
        0.4183673470   14   14   14        0.5816549883        0.1578970066        0.4506662971        0.0790443436        0.0025060945        0.0044445904        0.4506662963        0.0790443431        1.1872137360        0.3095737178        0.4525106704        0.0782968359        0.0025060945        0.0044445905        0.4525106712        0.0782968367        0.5857877089        0.1672029003
        0.4285714286   14   14   14        0.5986498975        0.1868672290        0.4484598876        0.0806283070        0.0024194419        0.0043812533        0.4484598869        0.0806283063        1.2167303707        0.3530050822        0.4487632648        0.0844725176        0.0024194418        0.0043812532        0.4487632656        0.0844725183        0.6002220858        0.1816876979
        0.4387755102   14   14   14        0.6061146907        0.1945590489        0.4529393140        0.0785988040        0.0025626104        0.0046526056        0.4529393136        0.0785988034        1.2230926411        0.3598583904        0.4543715453        0.0784506686        0.0025626105        0.0046526055        0.4543715461        0.0784506692        0.6077203380        0.2042394810
        0.4489795918   14   14   14        0.6086277337        0.2003370821        0.4511613912        0.0813171509        0.0026171860        0.0044216494        0.4511613905        0.0813171503        1.2232424317        0.3407783627        0.4503537095        0.0875778536        0.0026171860        0.0044216493        0.4503537103        0.0875778544        0.6039937519        0.1780357881
        0.4591836735   14   14   14        0.6180972614        0.2010351398        0.4473975230        0.0902627935        0.0023833712        0.0061215508        0.4473975225        0.0902627929        1.2474189755        0.3702257619        0.4513722454        0.0838067837        0.0023833713        0.0061215508        0.4513722461        0.0838067845        0.6197642304        0.2025979836
        0.4693877551   14   14   14        0.6131470159        0.2019235578        0.4485140982        0.0822284557        0.0021722666        0.0067208496        0.4485140976        0.0822284549        1.2412231877        0.3711375565        0.4544030499        0.0878203422        0.0021722666        0.0067208495        0.4544030504        0.0878203427        0.6208049524        0.2062100551
        0.4795918367   14   14   14        0.6285792420        0.2246081701        0.4479385189        0.0856340024        0.0025282500        0.0063525352        0.4479385182        0.0856340019        1.2651187836        0.3898332346        0.4501509232        0.0934816127        0.0025282499        0.0063525343        0.4501509236        0.0934816136        0.6273777530        0.2161804564
        0.4897959184   14   14   14        0.6393492683        0.2125669589        0.4498155063        0.0951619987        0.0021766171        0.0068716222        0.4498155054        0.0951619980        1.2865241585        0.4050671355        0.4529564505        0.0901667362        0.0021766170        0.0068716222        0.4529564510        0.0901667368        0.6405583227        0.2160690598
        0.5000000000   14   14   14        0.6364763938        0.2126798139        0.4510780011        0.0903578249        0.0022939088        0.0076974658        0.4510780005        0.0903578242        1.2894764956        0.4196496526        0.4500165353        0.0878915593        0.0022939088        0.0076974654        0.4500165358        0.0878915602        0.6434743835        0.2268805486
