# ta1 =         1.0000000000 mua =        -0.8001000000 m1 =         1.1001000000 max_eo1 =        10.0000000000 min_eo1 =        -2.0000000000 m2 =         0.7001000000 eo2 =        -0.5000000000 ta2 =         0.5000000000 ta3 =         0.4000000000
# ts =         1.0000000000 mus =        -1.0000000000 ds =         0.0010000000
# tn =         1.0000000000 mun =        -1.0000000000 ev/ds =         0.0000000001
# tna_pz =         0.5000000000 tna_ab =         0.5000000000 tna_px =         0.5000000000 tna_py =         0.5000000000 tna_dxy =         0.5000000000
# rtna_pz =         0.2500000000 rtna_ab =         0.2500000000 rtna_px =         0.2500000000 rtna_py =         0.2500000000 rtna_dxy =         0.2500000000
# tas_pz =         0.5000000000 tas_ab =         0.5000000000 tas_px =         0.5000000000 tas_py =         0.5000000000 tas_dxy =         0.5000000000
# rtas_pz =         0.2500000000 rtas_ab =         0.2500000000 rtas_px =         0.2500000000 rtas_py =         0.2500000000 rtas_dxy =         0.2500000000
# wid =   200 len =    40 wn =    20 wb1 =    10 wb2 =    60 wb3 =    60 wbs =     0 numr =  1000
# eo1/ta1, nc1, nc2, nc3, G11_ave, G11_var, G21_ave, G21_var, G31_ave, G31_var, G12_ave, G12_var, G22_ave, G22_var, G32_ave, G32_var, G13_ave, G13_var, G23_ave, G23_var, G33_ave, G33_var
       -2.0000000000   14   14   14        0.0097011980        0.0064607901        0.0002401608        0.0003102306        0.0017156979        0.0017547126        0.0002401609        0.0003102306        0.0031984637        0.0015488601        0.0002325612        0.0003198830        0.0017156979        0.0017547126        0.0002325611        0.0003198830        0.0098452131        0.0061215218
       -1.8787878788   14   14   14        0.0098646213        0.0065207585        0.0002567233        0.0003198653        0.0017769185        0.0017900836        0.0002567234        0.0003198653        0.0032598632        0.0015797224        0.0002487528        0.0003283835        0.0017769186        0.0017900837        0.0002487527        0.0003283835        0.0100143210        0.0062333217
       -1.7575757576   14   14   14        0.0100497961        0.0065937462        0.0002756247        0.0003310976        0.0018449915        0.0018295149        0.0002756247        0.0003310976        0.0033312140        0.0016170497        0.0002672337        0.0003383565        0.0018449916        0.0018295150        0.0002672336        0.0003383565        0.0102061939        0.0063628737
       -1.6363636364   14   14   14        0.0102646484        0.0066860540        0.0002975779        0.0003444578        0.0019215714        0.0018742324        0.0002975779        0.0003444578        0.0034164839        0.0016639235        0.0002886981        0.0003503453        0.0019215714        0.0018742325        0.0002886981        0.0003503452        0.0104291550        0.0065176415
       -1.5151515152   14   14   14        0.0105231870        0.0068089659        0.0003237378        0.0003608381        0.0020090663        0.0019262167        0.0003237378        0.0003608381        0.0035228078        0.0017260270        0.0003142619        0.0003652784        0.0020090663        0.0019262167        0.0003142618        0.0003652784        0.0106979268        0.0067112957
       -1.3939393939   14   14   14        0.0108551349        0.0069867601        0.0003562485        0.0003820237        0.0021109891        0.0019890701        0.0003562485        0.0003820237        0.0036656102        0.0018158664        0.0003459542        0.0003850246        0.0021109891        0.0019890701        0.0003459542        0.0003850246        0.0110437589        0.0069739684
       -1.2727272727   14   14   14        0.0132426279        0.0083712859        0.0002079728        0.0004608391        0.0019368540        0.0022734164        0.0002079729        0.0004608391        0.0044777441        0.0021049209        0.0001959765        0.0004673033        0.0019368541        0.0022734164        0.0001959764        0.0004673033        0.0134738705        0.0083965062
       -1.1515151515   14   14   14        0.0318914111        0.0127291269        0.0026992262        0.0014081277        0.0042005130        0.0026094882        0.0026992265        0.0014081278        0.0252969440        0.0102503962        0.0026623800        0.0014219345        0.0042005130        0.0026094883        0.0026623797        0.0014219345        0.0320315751        0.0128335997
       -1.0303030303   14   14   14        0.0474118929        0.0200185603        0.0066822737        0.0032016755        0.0062387031        0.0038773387        0.0066822738        0.0032016755        0.0379720381        0.0153597611        0.0065544195        0.0031174716        0.0062387031        0.0038773387        0.0065544194        0.0031174716        0.0471801810        0.0207333536
       -0.9090909091   14   14   14        0.2152251100        0.2014740844       -0.0081903815        0.0171734081       -0.0231685319        0.0231129422       -0.0081903821        0.0171734051        0.2141296135        0.2296067539       -0.0084538943        0.0147630816       -0.0231685329        0.0231129402       -0.0084538941        0.0147630825        0.2145395919        0.2022080914
       -0.7878787879   14   14   14        0.7504940343        0.4279249061       -0.0414962425        0.0780138038       -0.0109541493        0.1036309558       -0.0414961323        0.0780138195        0.5207722970        0.3278678881       -0.0435472761        0.0778641168       -0.0109541457        0.1036309573       -0.0435473792        0.0778641038        0.7404444919        0.4151243826
       -0.6666666667   14   14   14        0.0322487026        0.0140455293       -0.0018855585        0.0011369762       -0.0015584355        0.0024776421       -0.0018855592        0.0011369763        0.0181187095        0.0061268346       -0.0019264084        0.0011790214       -0.0015584356        0.0024776421       -0.0019264077        0.0011790213        0.0323469904        0.0138806781
       -0.5454545455   14   14   14        0.0436356864        0.0136629837       -0.0060255670        0.0027310171       -0.0064983731        0.0033528430       -0.0060255667        0.0027310170        0.0305494335        0.0078836345       -0.0061600954        0.0027912479       -0.0064983730        0.0033528430       -0.0061600959        0.0027912480        0.0437372268        0.0134007138
       -0.4242424242   14   14   14        0.0897951036        0.0615053829       -0.0102719188        0.0069697050       -0.0077541654        0.0063267695       -0.0102719189        0.0069697048        0.0791059150        0.0573278888       -0.0103062809        0.0081507999       -0.0077541653        0.0063267695       -0.0103062807        0.0081508000        0.0897635373        0.0561345898
       -0.3030303030   14   14   14        0.0468376631        0.0518931302        0.0000037225        0.0024914298        0.0002231363        0.0025433009        0.0000037222        0.0024914295        0.0334101687        0.0282565043        0.0000167771        0.0016609503        0.0002231363        0.0025433006        0.0000167773        0.0016609504        0.0456339135        0.0484959752
       -0.1818181818   14   14   14        0.0852707738        0.0695792728        0.0010409832        0.0039348192        0.0000534375        0.0053179109        0.0010409836        0.0039348196        0.0635610914        0.0574545440        0.0011570132        0.0045341734        0.0000534375        0.0053179109        0.0011570128        0.0045341735        0.0863852246        0.0706177126
       -0.0606060606   14   14   14        0.0414428999        0.0128228584        0.0005778543        0.0014300917        0.0030890795        0.0028534165        0.0005778542        0.0014300917        0.0318775711        0.0107458405        0.0005338754        0.0014000032        0.0030890796        0.0028534165        0.0005338755        0.0014000032        0.0418815026        0.0129968399
        0.0606060606   14   14   14        0.2029761387        0.1104008172       -0.0050880378        0.0102632431        0.0150637368        0.0162528621       -0.0050880377        0.0102632427        0.1888414611        0.0954908745       -0.0043935112        0.0098519385        0.0150637372        0.0162528622       -0.0043935112        0.0098519393        0.2032278442        0.1100030460
        0.1818181818   14   14   14        2.5559927611        0.4395618059       -0.1935214077        0.0957278931       -0.1182957780        0.1090778524       -0.1935214237        0.0957278946        2.3004995450        0.3962017931       -0.1882557230        0.0988263403       -0.1182957774        0.1090778523       -0.1882557066        0.0988263403        2.5371241897        0.4354383201
        0.3030303030   14   14   14        1.8183494762        0.4516668575        0.0792241816        0.0722660837        0.0668912345        0.0617955109        0.0792241669        0.0722660852        1.7198032957        0.3964934597        0.0787988097        0.0697837196        0.0668912347        0.0617955096        0.0787988250        0.0697837152        1.8394539208        0.4560706361
        0.4242424242   14   14   14        1.2978667576        0.1734269275       -0.0002705516        0.0209170322       -0.0665721549        0.0261400126       -0.0002705574        0.0209170341        1.1855579275        0.1450255436       -0.0010659638        0.0217499725       -0.0665721550        0.0261400133       -0.0010659585        0.0217499706        1.3009283264        0.1753022666
        0.5454545455   14   14   14        4.2451889183        0.2906170586       -0.4957847619        0.0759043932       -0.6875866991        0.1024586339       -0.4957847941        0.0759043927        3.4127065099        0.2656840585       -0.4978054731        0.0729180329       -0.6875866970        0.1024586352       -0.4978054397        0.0729180323        4.2426014769        0.2938538894
        0.6666666667   14   14   14        6.5346760562        0.4399579309       -0.5430677671        0.0927617747       -0.9951084486        0.1190138885       -0.5430677954        0.0927617814        6.0356650602        0.4699950688       -0.5527997055        0.0919522975       -0.9951084445        0.1190138798       -0.5527996768        0.0919522920        6.5462752981        0.4392147329
        0.7878787879   14   14   14        8.0568054765        0.4037888921       -1.3096545981        0.0943161047       -1.4355380564        0.0982728825       -1.3096546339        0.0943161095        7.6036960212        0.4169417655       -1.3134337495        0.0946583999       -1.4355380404        0.0982728817       -1.3134336906        0.0946584070        8.0632272040        0.4224571727
        0.9090909091   14   14   14        8.0503233032        0.4107187290       -0.6035425349        0.1236553198       -1.0819240406        0.1357267131       -0.6035427720        0.1236553207        7.9533610975        0.4674260395       -0.6061917762        0.1245640949       -1.0819240364        0.1357267062       -0.6061915323        0.1245640981        8.0520556890        0.4182152933
        1.0303030303   14   14   14        6.8979430622        0.4707890322       -0.0784212845        0.1516142653       -0.0614653896        0.0869619720       -0.0784215093        0.1516142639        9.2208077024        0.4730960377       -0.0874152429        0.1488527153       -0.0614653883        0.0869619742       -0.0874150079        0.1488527086        6.9061973614        0.4792491936
        1.1515151515   14   14   14        5.8346031026        0.4481704969        0.0807095903        0.1324323223        0.0340396444        0.0622455239        0.0807091216        0.1324323389        8.6154909322        0.3815244212        0.0714654806        0.1349231075        0.0340396530        0.0622455271        0.0714659656        0.1349230768        5.8606111595        0.4684744698
        1.2727272727   14   14   14        6.5741401581        0.3669397182        0.5240953247        0.1260773011        0.1163779695        0.0501926717        0.5240952505        0.1260772921        9.2261986334        0.3990803368        0.5262896060        0.1277104451        0.1163779704        0.0501926723        0.5262896913        0.1277104563        6.5749319023        0.3913330437
        1.3939393939   14   14   14        5.6614247703        0.4555738827        1.1712165789        0.1514249090       -0.0031476704        0.0652382280        1.1712162874        0.1514249437        8.0024728002        0.4142679472        1.1659381176        0.1526763526       -0.0031476638        0.0652382302        1.1659384162        0.1526763296        5.6681014259        0.4566588389
        1.5151515152   14   14   14        5.2507458693        0.3459095367        1.5399411863        0.1639259147        0.4061674258        0.0539082705        1.5399416657        0.1639259615        8.3391789334        0.3247501425        1.5252425469        0.1608989430        0.4061674302        0.0539082634        1.5252420433        0.1608988228        5.2469337223        0.3243282867
        1.6363636364   14   14   14        5.5969770359        0.2910172996        1.8303850909        0.1513814357        0.2913094224        0.0514449894        1.8303851525        0.1513814175       10.0138714946        0.3466123200        1.8250756874        0.1550309440        0.2913094207        0.0514449889        1.8250756324        0.1550309616        5.5977817394        0.3080749195
        1.7575757576   14   14   14        5.4376176790        0.3582175831        2.2513955124        0.1938138995        0.1175773210        0.0510778853        2.2513947507        0.1938139023        9.3319828575        0.3945616947        2.2382987784        0.1902297513        0.1175773333        0.0510778917        2.2382995676        0.1902297650        5.4373993433        0.3817354799
        1.8787878788   14   14   14        6.2976240052        0.3303373031        2.1844680536        0.1535139741        0.0965517778        0.0292865535        2.1844684100        0.1535139231        9.0789658426        0.2977009452        2.1764116991        0.1598122651        0.0965517771        0.0292865537        2.1764113474        0.1598123119        6.3100830374        0.3289163387
        2.0000000000   14   14   14        5.8020219269        0.3373006831        2.5946904732        0.1918304793        0.0880600865        0.0196083483        2.5946905595        0.1918304324        8.4161264617        0.2952519997        2.5826146435        0.1916793597        0.0880600816        0.0196083385        2.5826145179        0.1916794141        5.7985254084        0.3260405736
        2.1212121212   14   14   14        4.7742191226        0.3238348877        2.8590344262        0.1791285798        0.1226730901        0.0370402315        2.8590356012        0.1791285757        9.0663392682        0.4451679728        2.8567146637        0.1753674954        0.1226731786        0.0370402358        2.8567158095        0.1753675369        4.7438014281        0.3324874134
        2.2424242424   14   14   14        5.2022856548        0.4159359812        3.7418175592        0.2141631312        0.1078396169        0.0517433099        3.7418176332        0.2141630929       10.1378050763        0.4728437865        3.7329812774        0.2169409239        0.1078396176        0.0517433040        3.7329811812        0.2169409358        5.1860838874        0.4072535163
        2.3636363636   14   14   14        5.1664348315        0.3922450289        3.5539133887        0.2191404896        0.1309535550        0.0492222108        3.5539132594        0.2191403345       10.3402594878        0.5530205896        3.5613277657        0.2216994107        0.1309535529        0.0492222067        3.5613279115        0.2216995623        5.1675930234        0.3934023336
        2.4848484848   14   14   14        5.0556121130        0.4190383690        3.6290587098        0.2339746975        0.0612773015        0.0139798006        3.6290585595        0.2339746347        9.1718774151        0.3778056897        3.6203318297        0.2278787241        0.0612773008        0.0139798008        3.6203319780        0.2278787552        5.0444549518        0.4182700356
        2.6060606061   14   14   14        5.4287055413        0.3122083451        3.7977586065        0.2477175672        0.0739436163        0.0439952661        3.7977586511        0.2477174379       10.7893308753        0.4362574049        3.7988334241        0.2281678751        0.0739436130        0.0439952709        3.7988334390        0.2281680336        5.4397648948        0.3321456017
        2.7272727273   14   14   14        5.2559779390        0.3876065787        3.8515331112        0.2097891360        0.0389927895        0.0229133545        3.8515330535        0.2097891408       10.5180519062        0.6218688512        3.8355807551        0.2130846493        0.0389927880        0.0229133558        3.8355807627        0.2130846339        5.2626039991        0.3616757828
        2.8484848485   14   14   14        5.5306717274        0.3107696646        3.7905333507        0.2687807314        0.1878008816        0.0665438837        3.7905334003        0.2687806521       11.8062315420        0.6473812040        3.7912429159        0.2688884399        0.1878008797        0.0665438817        3.7912428648        0.2688885279        5.5374431824        0.3305194489
        2.9696969697   14   14   14        5.4094719311        0.4210155168        3.9545304088        0.2014953697        0.0365016112        0.0394448236        3.9545303404        0.2014953834       10.1239691077        0.5208090252        3.9458729926        0.1980713873        0.0365016111        0.0394448268        3.9458730532        0.1980713766        5.4152645159        0.4227684743
        3.0909090909   14   14   14        5.4706978411        0.4079519454        3.7207531254        0.2905634620        0.0609962580        0.0480375661        3.7207528846        0.2905634437       10.7386469756        0.5709968295        3.7266179047        0.2955191372        0.0609962580        0.0480375659        3.7266181102        0.2955191452        5.4685162319        0.3934062350
        3.2121212121   14   14   14        6.0143962466        0.4121183754        3.9311321821        0.2343450766        0.0419477285        0.0750223787        3.9311321230        0.2343450710       11.8986018370        0.5244727681        3.9203347455        0.2320662879        0.0419477314        0.0750223768        3.9203348128        0.2320662953        6.0161835506        0.4132630434
        3.3333333333   14   14   14        5.2146152367        0.2972728019        4.2158008642        0.2179941683        0.0343109644        0.0388806828        4.2158008085        0.2179941228       10.0956824958        0.4247457014        4.2241168817        0.2228835090        0.0343109645        0.0388806854        4.2241169416        0.2228835266        5.2096480140        0.2911483461
        3.4545454545   14   14   14        5.8830318595        0.3962622743        4.0402247142        0.2122077219        0.0862499930        0.0741045329        4.0402245586        0.2122076824       12.4307902815        0.5844194434        4.0350568562        0.2114903209        0.0862499903        0.0741045411        4.0350569902        0.2114903483        5.8930115894        0.3778368912
        3.5757575758   14   14   14        4.8831395314        0.2579605420        4.1418026192        0.2118721752        0.0050840683        0.0088110570        4.1418025467        0.2118721501        9.4648137632        0.3671293362        4.1338205918        0.2136506988        0.0050840688        0.0088110576        4.1338206731        0.2136507136        4.8943240655        0.2821899861
        3.6969696970   14   14   14        5.6718632616        0.4390064317        3.3613359895        0.2498626262        0.1963374012        0.0930171917        3.3613358227        0.2498626680       11.8208934980        0.6245039928        3.3569295079        0.2465170782        0.1963374027        0.0930171724        3.3569295819        0.2465170525        5.7034772730        0.4504973428
        3.8181818182   14   14   14        4.5414289696        0.1830610709        4.1884985394        0.1491776866        0.0083806532        0.0067870588        4.1884982416        0.1491777079        9.3931137965        0.4728507528        4.2025366565        0.1523529761        0.0083806772        0.0067870585        4.2025360256        0.1523529864        4.5466939385        0.1861212246
        3.9393939394   14   14   14        5.3492357716        0.3218179343        3.2646458725        0.2709092644        0.3158974837        0.1076349607        3.2646458247        0.2709092830       11.6259320451        0.7091447561        3.2842588548        0.2818178779        0.3158974922        0.1076349706        3.2842589875        0.2818178166        5.3720743564        0.3453506650
        4.0606060606   14   14   14        4.9586247168        0.1933890307        4.4589181288        0.1899911827        0.0460412951        0.0266256732        4.4589174671        0.1899912525       10.2185057006        0.3653176482        4.4717915011        0.1841295191        0.0460413585        0.0266256875        4.4717912226        0.1841294930        4.9703949835        0.1904776290
        4.1818181818   14   14   14        4.5832136188        0.2823707346        4.0031158754        0.1970519895       -0.0049574735        0.0211206583        4.0031158757        0.1970519965        8.8657170952        0.3278351430        4.0023503374        0.2034357940       -0.0049574660        0.0211206558        4.0023503219        0.2034357954        4.5927055194        0.2794978337
        4.3030303030   14   14   14        5.5249487240        0.4265144949        3.4184894621        0.2064264099        0.0408862112        0.0692870007        3.4184893978        0.2064264087       11.3713270932        0.5816256128        3.4173815237        0.2030459785        0.0408862120        0.0692869982        3.4173815885        0.2030459821        5.5114530436        0.4095474466
        4.4242424242   14   14   14        4.3110354575        0.1736851566        3.9303745665        0.1747705016        0.0303125893        0.0270864226        3.9303745716        0.1747705001        8.9947367381        0.4846427241        3.9311945178        0.1810166526        0.0303125895        0.0270864227        3.9311945125        0.1810166523        4.3172972143        0.1700157080
        4.5454545455   14   14   14        4.8244004425        0.2665268740        3.6423891260        0.2206052108        0.1872078069        0.0835858089        3.6423891070        0.2206052062       10.3118997856        0.6521144435        3.6507825437        0.2159185063        0.1872078071        0.0835858052        3.6507825622        0.2159185039        4.8358175015        0.2714410891
        4.6666666667   14   14   14        4.9779887788        0.2024456521        4.5161968727        0.1426234803        0.0035963585        0.0116630936        4.5161968566        0.1426234766        9.9614577757        0.3946921043        4.5249627243        0.1447411228        0.0035963573        0.0116630934        4.5249627533        0.1447411216        4.9921661242        0.2127737141
        4.7878787879   14   14   14        4.9313355490        0.3819209642        3.0363650189        0.2593704473        0.2257364199        0.1048219327        3.0363648553        0.2593704282       10.8412830035        0.7618209091        3.0434100998        0.2499217419        0.2257364176        0.1048219483        3.0434101901        0.2499217237        4.9518980897        0.3701935599
        4.9090909091   14   14   14        4.4661108134        0.3393593313        3.7591204845        0.2250089569       -0.0033604257        0.0225288109        3.7591204737        0.2250089534        9.2444519977        0.6451174568        3.7604860243        0.2314835648       -0.0033604256        0.0225288099        3.7604860261        0.2314835615        4.4994764367        0.3480144936
        5.0303030303   14   14   14        3.7377955326        0.1961870213        3.5437155744        0.1533113480        0.0027753234        0.0085431466        3.5437155745        0.1533113542        7.5125626801        0.3876550044        3.5433899872        0.1535955892        0.0027753234        0.0085431462        3.5433899879        0.1535955837        3.7460136837        0.2075675698
        5.1515151515   14   14   14        5.1485638337        0.4539988285        3.3769598819        0.2248269962        0.0525316154        0.0768792132        3.3769598823        0.2248269926       10.8869575863        0.6523136699        3.3953874941        0.2301543873        0.0525316152        0.0768792129        3.3953874895        0.2301543903        5.1765237016        0.4559849464
        5.2727272727   14   14   14        3.5647668354        0.2241043955        3.3261985782        0.1736096737        0.0006420041        0.0085901990        3.3261985774        0.1736096760        7.4570862316        0.6213940064        3.3262211238        0.1698892342        0.0006420040        0.0085901988        3.3262211245        0.1698892331        3.5712179132        0.2450625984
        5.3939393939   14   14   14        5.7804953551        0.5068629400        3.4684566139        0.2597452654        0.0995343509        0.1241998225        3.4684566169        0.2597452633       11.4109130098        0.7491569196        3.4794538404        0.2507155949        0.0995343518        0.1241998211        3.4794538356        0.2507155928        5.7692763631        0.4900158759
        5.5151515152   14   14   14        3.6772795575        0.2159765274        3.4712895815        0.1764131290       -0.0015512484        0.0106395339        3.4712895807        0.1764131296        7.5600352730        0.5935744095        3.4707242618        0.1885220731       -0.0015512484        0.0106395341        3.4707242637        0.1885220724        3.6803535560        0.2291699457
        5.6363636364   14   14   14        4.1944819457        0.4012930625        3.5295078012        0.2428631951       -0.0141874958        0.0591338837        3.5295076476        0.2428631439        8.1937286138        0.5301169565        3.5592441628        0.2493401691       -0.0141874833        0.0591338890        3.5592442173        0.2493401649        4.2187024042        0.4044418601
        5.7575757576   14   14   14        4.1420318097        0.4122563207        2.4835540018        0.2417351039        0.1856527726        0.1015259535        2.4835539328        0.2417350786        8.6950808751        0.7380547325        2.4951862641        0.2489189410        0.1856527745        0.1015259554        2.4951863259        0.2489189497        4.1484215861        0.4433043655
        5.8787878788   14   14   14        2.8664604071        0.2000412078        2.7541569859        0.1909683115       -0.0019272940        0.0054996797        2.7541569865        0.1909683104        6.0209967114        0.6100222098        2.7651268406        0.1841375854       -0.0019272940        0.0054996797        2.7651268403        0.1841375865        2.8752616884        0.1967678463
        6.0000000000   14   14   14        4.2751607445        0.4607845319        2.8972318790        0.2397114149        0.1622919651        0.1151541719        2.8972318737        0.2397114161        8.3339745673        0.7699318419        2.8999575565        0.2309577621        0.1622919651        0.1151541714        2.8999575607        0.2309577637        4.2697048643        0.4384501315
        6.1212121212   14   14   14        2.4587726900        0.2756203907        2.2205369777        0.2011978080        0.0010835637        0.0428654468        2.2205369730        0.2011978113        5.0929544189        0.6259072354        2.2295955018        0.2068931609        0.0010835630        0.0428654467        2.2295955085        0.2068931653        2.4649545043        0.2781911702
        6.2424242424   14   14   14        4.8090311082        0.2787453261        4.1423265617        0.2704123392        0.2067046272        0.0966183273        4.1423265522        0.2704123381        9.9733039050        0.5905732368        4.1335741870        0.2761539722        0.2067046281        0.0966183261        4.1335741946        0.2761539722        4.7897279530        0.2852563023
        6.3636363636   14   14   14        2.8869423055        0.2527374661        2.4146342437        0.2144887403        0.0821709466        0.0567750838        2.4146342436        0.2144887405        5.8276658355        0.4517615996        2.4288546990        0.2148325126        0.0821709463        0.0567750834        2.4288546998        0.2148325123        2.8988917672        0.2479853626
        6.4848484848   14   14   14        5.4332365112        0.1794551743        5.3973577463        0.1779674612        0.0021808198        0.0019461024        5.3973577590        0.1779674572       10.8221623816        0.2535763782        5.3802972772        0.1927909323        0.0021808201        0.0019461026        5.3802972774        0.1927909067        5.4155034784        0.1940837871
        6.6060606061   14   14   14        3.6937365483        0.5387662116        2.3302608100        0.2816168286        0.3304843373        0.1804582427        2.3302608248        0.2816168302        6.4602582061        0.6240386888        2.3491329456        0.2745360161        0.3304843372        0.1804582411        2.3491329336        0.2745360155        3.7323306123        0.5494047259
        6.7272727273   14   14   14        4.4700879022        0.1857809440        4.3966541099        0.1621021939        0.0076845211        0.0164255001        4.3966541047        0.1621021945        9.0533150871        0.4435413085        4.3888208221        0.1639610178        0.0076845209        0.0164254988        4.3888208197        0.1639610172        4.4665383995        0.1891200536
        6.8484848485   14   14   14        3.0438273469        0.3480465739        2.0756481793        0.2414276508        0.1575415554        0.0830973666        2.0756481916        0.2414276473        6.5692728529        0.7349470945        2.0781390554        0.2327648962        0.1575415589        0.0830973641        2.0781390207        0.2327648956        3.0377107345        0.3178275058
        6.9696969697   14   14   14        3.8454484943        0.3232154736        3.3457252265        0.1705744622        0.0109189290        0.0339961461        3.3457216068        0.1705756376        8.3195893932        0.7394464154        3.3509349988        0.1653645359        0.0109164944        0.0339968352        3.3509361308        0.1653667536        3.8291262897        0.2891299174
        7.0909090909   14   14   14        3.0597206051        0.2226083414        2.8193170035        0.2091587367        0.0060489495        0.0113686096        2.8193170801        0.2091587337        6.9617966271        0.7569496040        2.8195094059        0.2051687373        0.0060489481        0.0113686081        2.8195093278        0.2051687350        3.0615525266        0.2148952453
        7.2121212121   14   14   14        4.5212346795        0.4399736520        2.5897641379        0.2477594094        0.1516888048        0.0995339504        2.5897641311        0.2477594075        8.9308215852        0.6593446660        2.5915807826        0.2447561636        0.1516888053        0.0995339505        2.5915807884        0.2447561666        4.4998544497        0.4392866942
        7.3333333333   14   14   14        4.1068593874        0.1918728483        3.9313424941        0.1616576085        0.0014618824        0.0118777393        3.9313425018        0.1616576099        8.7195748613        0.6247081084        3.9236005924        0.1617309441        0.0014618825        0.0118777393        3.9236005823        0.1617309404        4.0959769028        0.1839395039
        7.4545454545   14   14   14        4.0321110084        0.3932063062        2.9319145153        0.2278273615        0.0746263946        0.0785372334        2.9319144772        0.2278273614        8.4691927143        0.5905332780        2.9429371433        0.2374592033        0.0746263947        0.0785372331        2.9429371747        0.2374591972        4.0434670188        0.3980287128
        7.5757575758   14   14   14        4.1223275890        0.2441632833        3.7433621363        0.1585696345        0.0027481743        0.0133711746        3.7433621350        0.1585696339        9.1502011245        0.7023137352        3.7357535885        0.1638456088        0.0027481743        0.0133711742        3.7357535905        0.1638456093        4.1184341116        0.2286706021
        7.6969696970   14   14   14        3.2760046768        0.3003851844        2.6267899086        0.2109369549        0.0589371004        0.0494678748        2.6267899206        0.2109369529        6.8992159238        0.5887206216        2.6335068731        0.2063809673        0.0589370999        0.0494678749        2.6335068618        0.2063809689        3.2676757041        0.2957623148
        7.8181818182   14   14   14        5.1633719798        0.4256437550        3.0653530182        0.2209406043        0.1356080825        0.0886497025        3.0653530079        0.2209406020       11.5051744392        0.6821683554        3.0603131494        0.2161779681        0.1356080818        0.0886497031        3.0603131657        0.2161779715        5.1423666846        0.4141872207
        7.9393939394   14   14   14        3.6102872997        0.2285419923        3.3164090530        0.1949224565        0.0084035085        0.0143121057        3.3164089297        0.1949224430        7.7758026755        0.5448148364        3.3210355692        0.1880264874        0.0084035094        0.0143121077        3.3210356775        0.1880264968        3.6199116142        0.2278152377
        8.0606060606   14   14   14        4.8060193483        0.3135174807        2.6956653648        0.2339099925        0.0002401093        0.0377589253        2.6956653608        0.2339099919       10.0863031353        0.6110008407        2.6960303381        0.2275092268        0.0002401093        0.0377589255        2.6960303426        0.2275092272        4.7761010766        0.3125918493
        8.1818181818   14   14   14        4.4570429334        0.1802437546        4.1578942618        0.1563954218        0.0035338661        0.0055413790        4.1578942436        0.1563954263        9.8169810798        0.7534309737        4.1566243751        0.1621768070        0.0035338662        0.0055413790        4.1566243944        0.1621768023        4.4511558208        0.1787543137
        8.3030303030   14   14   14        3.6276102597        0.2531626949        2.6492271022        0.1931869937        0.0764923091        0.0520417385        2.6492259813        0.1931874696        8.0172982093        0.6844677299        2.6555564874        0.1908720316        0.0764919777        0.0520417144        2.6555549666        0.1908719824        3.6352812088        0.2484096190
        8.4242424242   14   14   14        5.3628556729        0.2897978031        3.4433726139        0.2397442903        0.2147619261        0.0678084434        3.4433726111        0.2397442900       13.1896597530        0.6712844002        3.4510365284        0.2480487536        0.2147619263        0.0678084426        3.4510365409        0.2480487536        5.3661089538        0.3053797964
        8.5454545455   14   14   14        3.1356577788        0.1944025582        2.9336503365        0.1840148879        0.0161640406        0.0080748601        2.9336503256        0.1840148896        6.7044303603        0.5041985140        2.9394053021        0.1915135115        0.0161640405        0.0080748600        2.9394053150        0.1915135095        3.1417332447        0.1996005575
        8.6666666667   14   14   14        4.7480717343        0.2574928892        3.6911952710        0.2044769763        0.0821039902        0.0427794545        3.6911951146        0.2044769854       11.6069762030        0.7065053335        3.7036556171        0.2130193093        0.0821040113        0.0427794659        3.7036555822        0.2130193233        4.7640521501        0.2552914637
        8.7878787879   14   14   14        3.5577018200        0.2014619599        3.2023867379        0.1838259603        0.0056439103        0.0074667089        3.2023866681        0.1838259533        8.1972749443        0.7981469008        3.2093789354        0.1789924010        0.0056439107        0.0074667098        3.2093789974        0.1789924025        3.5595872702        0.1988884579
        8.9090909091   14   14   14        4.2340553054        0.2145958197        3.4720798803        0.1724110774        0.0606306712        0.0272325841        3.4720798599        0.1724110790        9.6246779658        0.5730011245        3.4765004910        0.1732445437        0.0606306713        0.0272325840        3.4765005123        0.1732445415        4.2454277864        0.2180353213
        9.0303030303   14   14   14        4.5622675927        0.2704732500        3.5220863118        0.2530045402        0.1752493353        0.0752397120        3.5220861907        0.2530045234       10.2219140205        0.6758321902        3.5278196154        0.2424487830        0.1752493364        0.0752397133        3.5278197223        0.2424487935        4.5704971977        0.2801912239
        9.1515151515   14   14   14        4.1713009207        0.3023663734        3.1178551577        0.2117318151        0.0316009736        0.0425841716        3.1178551573        0.2117318114        8.9828986040        0.5804173781        3.1369439339        0.2111332638        0.0316009733        0.0425841713        3.1369439317        0.2111332678        4.1753458768        0.3180686674
        9.2727272727   14   14   14        5.2769572148        0.3456694473        3.2826095603        0.2414923689        0.1718484107        0.0716987670        3.2826095013        0.2414923606       12.1051056697        0.7466971171        3.2921806052        0.2347027240        0.1718484121        0.0716987667        3.2921806723        0.2347027274        5.2707535219        0.3491218295
        9.3939393939   14   14   14        3.3898447097        0.2097717097        2.8825634842        0.1751410987        0.0197876055        0.0096952603        2.8825634691        0.1751410992        7.4252192046        0.5425806910        2.8913090402        0.1733951501        0.0197876050        0.0096952600        2.8913090608        0.1733951504        3.4033795854        0.1957152705
        9.5151515152   14   14   14        4.9103131695        0.3585575200        3.1338498697        0.2363403118        0.0841781823        0.0697759254        3.1338498411        0.2363403088       10.8748422965        0.6566370471        3.1463003521        0.2179762116        0.0841781827        0.0697759244        3.1463004445        0.2179762126        4.9168946002        0.3713629425
        9.6363636364   14   14   14        3.6493897097        0.2011134859        3.2546029814        0.1875582864        0.0118442835        0.0042219426        3.2546029209        0.1875582861        7.6115419385        0.3488536700        3.2639981691        0.1836103442        0.0118442829        0.0042219425        3.2639982041        0.1836103491        3.6644122307        0.2090796872
        9.7575757576   14   14   14        4.3230101905        0.3276016450        2.9077877529        0.2358730914        0.1709528569        0.0621443663        2.9077872112        0.2358731260        9.6670865920        0.7177470640        2.9323006801        0.2221571504        0.1709527538        0.0621443728        2.9323002472        0.2221571673        4.3351419933        0.3185092331
        9.8787878788   14   14   14        3.2974685042        0.2781089999        2.7707578615        0.1985808197        0.0265408455        0.0135513984        2.7707578434        0.1985808147        7.0084794551        0.6215715106        2.7886354323        0.1930033713        0.0265408456        0.0135513985        2.7886354508        0.1930033784        3.3212205793        0.2911305674
       10.0000000000   14   14   14        4.0900397538        0.3181291414        2.7528968532        0.2146210171        0.0567459921        0.0260212159        2.7528967883        0.2146210191        9.0898505617        0.6351689762        2.7624245678        0.2052473709        0.0567459923        0.0260212157        2.7624246214        0.2052473684        4.1203020445        0.3395327999
