# ta1 =         1.0000000000 mua =        -0.8001000000 m1 =         1.1001000000 eo1 =         5.0000000000 m2 =         0.7001000000 eo2 =        -0.5000000000 ta2 =         0.5000000000 ta3 =         0.4000000000
# ts =         1.0000000000 mus =        -1.0000000000 ds =         0.0010000000
# tn =         1.0000000000 mun =        -1.0000000000 ev/ds =         0.0000000001
# tna_pz =         0.0000000000 tna_ab =         0.5000000000 tna_px =         0.0000000000 tna_py =         0.0000000000 tna_dxy =         0.5000000000
# tas_pz =         0.0000000000 tas_ab =         0.5000000000 tas_px =         0.0000000000 tas_py =         0.0000000000 tas_dxy =         0.5000000000
# wid =   200 len =    40 wn =    20 wb1 =    10 wb2 =    60 wb3 =    60 wbs =     0 numr =  1000
# rtna_ab/tna_ab, nc1, nc2, nc3, G11_ave, G11_var, G21_ave, G21_var, G31_ave, G31_var, G12_ave, G12_var, G22_ave, G22_var, G32_ave, G32_var, G13_ave, G13_var, G23_ave, G23_var, G33_ave, G33_var
        0.0000000001   14   14   14        2.7461040114        0.0000000001        2.3842799258        0.0000000001        0.0146745631        0.0000000000        2.3842799085        0.0000000001        6.6046747667        0.0000000004        2.3842799085        0.0000000001        0.0146745631        0.0000000000        2.3842799259        0.0000000001        2.7461040114        0.0000000001
        0.0102040817   14   14   14        2.7459771384        0.0053318267        2.3840457418        0.0057255868        0.0146815693        0.0001569721        2.3840457245        0.0057255867        6.6032113656        0.0379278889        2.3842553933        0.0057023325        0.0146815694        0.0001569721        2.3842554107        0.0057023326        2.7461766419        0.0053253232
        0.0204081634   14   14   14        2.7467610065        0.0101681069        2.3847092915        0.0108625550        0.0146688583        0.0003036448        2.3847092742        0.0108625548        6.6046083879        0.0749770330        2.3838616647        0.0111355329        0.0146688583        0.0003036448        2.3838616821        0.0111355330        2.7458176969        0.0102672502
        0.0306122450   14   14   14        2.7463644134        0.0148858674        2.3842215386        0.0166336977        0.0146901533        0.0004676297        2.3842215213        0.0166336975        6.5965466352        0.1113271819        2.3845388088        0.0167246030        0.0146901533        0.0004676297        2.3845388262        0.0167246031        2.7464390300        0.0155469734
        0.0408163266   14   14   14        2.7456444971        0.0202185490        2.3833301373        0.0227965054        0.0146851389        0.0006060860        2.3833301200        0.0227965052        6.5951608805        0.1523376361        2.3841209538        0.0225369683        0.0146851389        0.0006060860        2.3841209712        0.0225369686        2.7461513123        0.0200882135
        0.0510204083   14   14   14        2.7464190455        0.0248257963        2.3845124299        0.0271697154        0.0146796590        0.0007770997        2.3845124127        0.0271697152        6.5877649785        0.1839653408        2.3843256541        0.0272403555        0.0146796590        0.0007770997        2.3843256715        0.0272403558        2.7464930321        0.0263102470
        0.0612244899   14   14   14        2.7487670407        0.0307673000        2.3853907182        0.0333006752        0.0147089535        0.0009287412        2.3853907010        0.0333006749        6.5829008362        0.2189822077        2.3830675469        0.0334251948        0.0147089535        0.0009287412        2.3830675642        0.0334251952        2.7459058627        0.0306605047
        0.0714285715   14   14   14        2.7472755145        0.0343512264        2.3831556541        0.0374796849        0.0146611119        0.0011067147        2.3831556369        0.0374796845        6.5767855512        0.2508004698        2.3821774489        0.0382716928        0.0146611119        0.0011067147        2.3821774661        0.0382716931        2.7464201025        0.0351335970
        0.0816326531   14   14   14        2.7465787316        0.0413155946        2.3818532845        0.0450112382        0.0146803524        0.0012657360        2.3818532674        0.0450112378        6.5701708083        0.2943330166        2.3822257141        0.0446595487        0.0146803524        0.0012657360        2.3822257315        0.0446595493        2.7463536525        0.0408660099
        0.0918367348   14   14   14        2.7471138970        0.0447875839        2.3820022778        0.0477567147        0.0146799205        0.0014633804        2.3820022605        0.0477567143        6.5643263032        0.3370682855        2.3820255266        0.0499530359        0.0146799205        0.0014633805        2.3820255440        0.0499530364        2.7475571654        0.0465187260
        0.1020408164   14   14   14        2.7523386305        0.0528415729        2.3865529712        0.0521023867        0.0146091601        0.0015985536        2.3865529540        0.0521023862        6.5506416395        0.3438647912        2.3845089857        0.0537843438        0.0146091601        0.0015985536        2.3845090030        0.0537843444        2.7496084831        0.0490747713
        0.1122448980   14   14   14        2.7440800088        0.0549876197        2.3815578038        0.0602055906        0.0147512726        0.0017884429        2.3815577868        0.0602055900        6.5162400261        0.3810811770        2.3855648566        0.0587892658        0.0147512726        0.0017884429        2.3855648738        0.0587892664        2.7496862276        0.0553904000
        0.1224489797   14   14   14        2.7474483101        0.0614134757        2.3817358287        0.0636887225        0.0146987937        0.0019998082        2.3817358116        0.0636887218        6.5258270557        0.4156651680        2.3826769164        0.0622867130        0.0146987936        0.0019998082        2.3826769336        0.0622867136        2.7487968017        0.0609188074
        0.1326530613   14   14   14        2.7479325890        0.0662496959        2.3807123205        0.0687882266        0.0147124681        0.0021337707        2.3807123035        0.0687882260        6.4960925335        0.4266020624        2.3824142740        0.0673823646        0.0147124681        0.0021337707        2.3824142913        0.0673823652        2.7478970536        0.0663028991
        0.1428571429   14   14   14        2.7462212365        0.0705808371        2.3771531025        0.0731897221        0.0146645969        0.0023106658        2.3771530854        0.0731897214        6.5105391138        0.4626196696        2.3846522405        0.0715867787        0.0146645969        0.0023106658        2.3846522577        0.0715867793        2.7538716528        0.0686746113
        0.1530612246   14   14   14        2.7498842171        0.0737302363        2.3815671341        0.0772068069        0.0147563328        0.0025606954        2.3815671172        0.0772068061        6.4716918123        0.4778331314        2.3786100788        0.0781747499        0.0147563329        0.0025606954        2.3786100961        0.0781747506        2.7478240210        0.0751085625
        0.1632653062   14   14   14        2.7527996099        0.0803151558        2.3817519325        0.0804011711        0.0147433565        0.0026510504        2.3817519155        0.0804011704        6.4586704180        0.5124792909        2.3827883117        0.0818302182        0.0147433565        0.0026510504        2.3827883289        0.0818302190        2.7523394360        0.0831150924
        0.1734693878   14   14   14        2.7481668811        0.0825132413        2.3805677250        0.0850518423        0.0147572152        0.0029532179        2.3805677079        0.0850518416        6.4272614914        0.5315982689        2.3822834427        0.0860681342        0.0147572152        0.0029532178        2.3822834597        0.0860681348        2.7502736328        0.0871260801
        0.1836734695   14   14   14        2.7548566256        0.0900040060        2.3815269036        0.0914771906        0.0145995667        0.0030597354        2.3815268867        0.0914771901        6.4127168060        0.5546236622        2.3769703064        0.0916200918        0.0145995667        0.0030597354        2.3769703236        0.0916200925        2.7501004881        0.0926107883
        0.1938775511   14   14   14        2.7543368998        0.0956962332        2.3789402997        0.0913983526        0.0145723379        0.0032267688        2.3789402826        0.0913983519        6.4212030665        0.5662764812        2.3746507265        0.0920647744        0.0145723379        0.0032267688        2.3746507434        0.0920647748        2.7516354157        0.0959268641
        0.2040816327   14   14   14        2.7544737709        0.0959620939        2.3777700960        0.0980174935        0.0147147300        0.0034047658        2.3777700791        0.0980174928        6.4095458953        0.5870382497        2.3792059887        0.0978836574        0.0147147299        0.0034047658        2.3792060057        0.0978836579        2.7528718265        0.0984001887
        0.2142857143   14   14   14        2.7554693992        0.1029939107        2.3784785396        0.1028246846        0.0148779559        0.0036539034        2.3784785227        0.1028246837        6.3846719995        0.5918254359        2.3774363490        0.1033354224        0.0148779559        0.0036539033        2.3774363662        0.1033354230        2.7569467494        0.1044869866
        0.2244897960   14   14   14        2.7580591287        0.1100569492        2.3739765187        0.1066898687        0.0146128363        0.0041285140        2.3739765018        0.1066898679        6.3796748227        0.6128910927        2.3733073807        0.1024725312        0.0146128363        0.0041285139        2.3733073973        0.1024725317        2.7606242955        0.1092527564
        0.2346938776   14   14   14        2.7557761816        0.1137435830        2.3733878952        0.1106176146        0.0145838522        0.0042840504        2.3733878783        0.1106176141        6.3651870777        0.6455090715        2.3765041050        0.1131801081        0.0145838522        0.0042840504        2.3765041219        0.1131801087        2.7597358511        0.1212887445
        0.2448979592   14   14   14        2.7580022535        0.1143089507        2.3775851971        0.1122759643        0.0146559801        0.0045269851        2.3775851805        0.1122759637        6.2952245493        0.6120970429        2.3731101235        0.1118360976        0.0146559801        0.0045269851        2.3731101402        0.1118360981        2.7576548538        0.1169003801
        0.2551020409   14   14   14        2.7513592715        0.1234927061        2.3704315261        0.1173515765        0.0145788281        0.0046316690        2.3704315093        0.1173515757        6.2801220257        0.6453556789        2.3707210880        0.1141953717        0.0145788281        0.0046316690        2.3707211049        0.1141953722        2.7553244060        0.1219951165
        0.2653061225   14   14   14        2.7605383463        0.1300150737        2.3711117060        0.1207721384        0.0148458665        0.0046419867        2.3711116893        0.1207721376        6.2968385287        0.6651523595        2.3724918227        0.1239005346        0.0148458665        0.0046419868        2.3724918396        0.1239005351        2.7600836030        0.1312528079
        0.2755102041   14   14   14        2.7635267685        0.1309407666        2.3728802893        0.1158477109        0.0145196743        0.0051090210        2.3728802724        0.1158477107        6.2869754143        0.6895758528        2.3716750631        0.1254395406        0.0145196744        0.0051090211        2.3716750799        0.1254395412        2.7630468493        0.1363888061
        0.2857142858   14   14   14        2.7570638952        0.1376470464        2.3662675945        0.1292243880        0.0147135223        0.0053890910        2.3662675779        0.1292243875        6.2679207176        0.6750551231        2.3678563469        0.1318358637        0.0147135223        0.0053890910        2.3678563637        0.1318358637        2.7606734524        0.1362028596
        0.2959183674   14   14   14        2.7621536121        0.1405902145        2.3757748706        0.1314917767        0.0149097023        0.0052873709        2.3757748540        0.1314917764        6.1920418063        0.6691002899        2.3694239839        0.1288031851        0.0149097022        0.0052873710        2.3694240006        0.1288031857        2.7562125836        0.1466515488
        0.3061224490   14   14   14        2.7652553375        0.1464932166        2.3716453157        0.1353069838        0.0145464355        0.0061172175        2.3716452991        0.1353069833        6.1868166087        0.6852354698        2.3625634336        0.1369342937        0.0145464354        0.0061172173        2.3625634501        0.1369342941        2.7551612880        0.1471062907
        0.3163265306   14   14   14        2.7718635350        0.1556010827        2.3700299412        0.1335181071        0.0151052170        0.0063815619        2.3700299246        0.1335181069        6.1891775937        0.6581345373        2.3631536744        0.1383759766        0.0151052170        0.0063815619        2.3631536908        0.1383759768        2.7669131846        0.1540906435
        0.3265306123   14   14   14        2.7792566901        0.1556321055        2.3774933325        0.1422167444        0.0149746907        0.0063633875        2.3774933159        0.1422167443        6.1663190071        0.6799300554        2.3663321688        0.1437277464        0.0149746907        0.0063633874        2.3663321854        0.1437277469        2.7671840979        0.1581712857
        0.3367346939   14   14   14        2.7586443184        0.1639642512        2.3609344039        0.1386762820        0.0148857183        0.0060885370        2.3609343877        0.1386762817        6.1250099430        0.6948741983        2.3585399716        0.1463814795        0.0148857183        0.0060885369        2.3585399881        0.1463814800        2.7580330360        0.1638627899
        0.3469387755   14   14   14        2.7694725277        0.1663372879        2.3617411911        0.1469265731        0.0147454537        0.0072419523        2.3617411744        0.1469265731        6.1518825193        0.7104516798        2.3585752338        0.1445418695        0.0147454537        0.0072419524        2.3585752504        0.1445418697        2.7747761344        0.1715875212
        0.3571428572   14   14   14        2.7703239501        0.1685188535        2.3575737091        0.1478795487        0.0150808592        0.0072038139        2.3575736927        0.1478795483        6.1107561979        0.7071489694        2.3498643454        0.1460907412        0.0150808592        0.0072038138        2.3498643615        0.1460907415        2.7644859662        0.1770578953
        0.3673469388   14   14   14        2.7777301009        0.1729855989        2.3621974893        0.1530086661        0.0148542188        0.0073763294        2.3621974728        0.1530086660        6.1226847125        0.6982192975        2.3660553775        0.1541359328        0.0148542187        0.0073763295        2.3660553937        0.1541359329        2.7811568740        0.1817169835
        0.3775510204   14   14   14        2.7748860418        0.1879292610        2.3546363362        0.1569091071        0.0151555562        0.0081212092        2.3546363204        0.1569091071        6.0619024801        0.7183491407        2.3538047921        0.1562558172        0.0151555563        0.0081212091        2.3538048088        0.1562558175        2.7685636888        0.1859852277
        0.3877551021   14   14   14        2.7742479713        0.1824806683        2.3544185589        0.1622302785        0.0152765059        0.0084120891        2.3544185425        0.1622302784        6.0265232980        0.6791040844        2.3526316701        0.1557126383        0.0152765058        0.0084120889        2.3526316863        0.1557126385        2.7768163671        0.1886943265
        0.3979591837   14   14   14        2.7768675709        0.1934281295        2.3510415585        0.1642648957        0.0151785056        0.0082155589        2.3510415428        0.1642648957        6.0248730794        0.7025669756        2.3505915330        0.1571855929        0.0151785056        0.0082155587        2.3505915495        0.1571855932        2.7769637706        0.1928686576
        0.4081632653   14   14   14        2.7849452140        0.1986330846        2.3464598716        0.1625628278        0.0151960812        0.0084897587        2.3464598557        0.1625628276        6.0445410298        0.7044697082        2.3522471427        0.1608331645        0.0151960811        0.0084897582        2.3522471587        0.1608331650        2.7886151193        0.1968403490
        0.4183673470   14   14   14        2.7806301907        0.2099421231        2.3439646702        0.1724905106        0.0150115754        0.0091196880        2.3439646539        0.1724905108        5.9885525321        0.7124063676        2.3356045862        0.1746029498        0.0150115756        0.0091196879        2.3356046019        0.1746029502        2.7731681455        0.2134313677
        0.4285714286   14   14   14        2.7876916991        0.2170635684        2.3392701244        0.1637625050        0.0146755463        0.0099435441        2.3392701087        0.1637625047        6.0016541534        0.7229158400        2.3360952124        0.1759608429        0.0146755463        0.0099435442        2.3360952283        0.1759608429        2.7772286258        0.2144974784
        0.4387755102   14   14   14        2.7842607961        0.2185763040        2.3378452708        0.1708711325        0.0152846145        0.0107860182        2.3378452551        0.1708711329        5.9460781429        0.6926490723        2.3383598340        0.1728420706        0.0152846144        0.0107860181        2.3383598495        0.1728420704        2.7767024269        0.2216812498
        0.4489795918   14   14   14        2.7868385528        0.2223267715        2.3365432773        0.1778344881        0.0151099406        0.0107870667        2.3365432616        0.1778344883        5.9448640155        0.6986947549        2.3301889522        0.1786397677        0.0151099404        0.0107870666        2.3301889680        0.1786397674        2.7854934103        0.2216570947
        0.4591836735   14   14   14        2.7876401358        0.2196618936        2.3346634800        0.1790336491        0.0155072063        0.0101482864        2.3346634638        0.1790336494        5.9383113144        0.7044729648        2.3294387301        0.1697734483        0.0155072062        0.0101482864        2.3294387460        0.1697734479        2.7883082021        0.2261850175
        0.4693877551   14   14   14        2.7881166017        0.2226086209        2.3387052047        0.1811729853        0.0156321972        0.0118881123        2.3387051894        0.1811729857        5.8785181791        0.6600667498        2.3321457187        0.1746187157        0.0156321973        0.0118881118        2.3321457344        0.1746187156        2.7877711798        0.2251722609
        0.4795918367   14   14   14        2.7868980556        0.2290500064        2.3200850615        0.1839165336        0.0152816064        0.0110046974        2.3200850459        0.1839165339        5.9287455131        0.7054533413        2.3234666451        0.1734730720        0.0152816064        0.0110046974        2.3234666610        0.1734730723        2.7840969540        0.2260460364
        0.4897959184   14   14   14        2.7811157297        0.2440279798        2.3092763422        0.1842120474        0.0163345743        0.0114983082        2.3092763270        0.1842120475        5.8795239870        0.6996298805        2.3177971791        0.1819030221        0.0163345745        0.0114983086        2.3177971943        0.1819030218        2.7866062163        0.2338337013
        0.5000000000   14   14   14        2.7907918797        0.2484608480        2.3197543319        0.1905604415        0.0157820373        0.0123992818        2.3197543164        0.1905604421        5.8748272472        0.6808645425        2.3170872416        0.1869550655        0.0157820373        0.0123992818        2.3170872567        0.1869550659        2.8011281110        0.2383816672
