# ta1 =         1.0000000000 mua =        -0.8001000000 m1 =         1.1001000000 eo1 =         5.0000000000 m2 =         0.7001000000 eo2 =        -0.5000000000 ta2 =         0.5000000000 ta3 =         0.4000000000
# ts =         1.0000000000 mus =        -1.0000000000 ds =         0.0001000000
# tn =         1.0000000000 mun =        -1.0000000000 minev/ds =         0.0000000001 maxev =         1.2000000000
# tna_pz =         0.7000000000 tna_ab =         0.7000000000 tna_px =         0.7000000000 tna_py =         0.7000000000 tna_dxy =         0.7000000000
# rtna_pz =         0.5000000000 rtna_ab =         0.5000000000 rtna_px =         0.5000000000 rtna_py =         0.5000000000 rtna_dxy =         0.5000000000
# tas_pz =         0.7000000000 tas_ab =         0.0000000000 tas_px =         0.7000000000 tas_py =         0.7000000000 tas_dxy =         0.0000000000
# rtas_pz =         0.5000000000 rtas_ab =         0.0000000000 rtas_px =         0.5000000000 rtas_py =         0.5000000000 rtas_dxy =         0.0000000000
# wid =   140 len =    25 wn =    20 wb1 =    10 wb2 =    30 wb3 =    30 wbs =     0 numr =  1000
# ev/ds, nc1, nc2, nc3, G11_ave, G11_var, G21_ave, G21_var, G31_ave, G31_var, G12_ave, G12_var, G22_ave, G22_var, G32_ave, G32_var, G13_ave, G13_var, G23_ave, G23_var, G33_ave, G33_var
        0.0000000001   14   14   14        1.3988146622        0.3440578891        1.0369496423        0.2424252243        0.0093504341        0.0266756775        1.0369496392        0.2424252250        2.6274759746        0.4432169187        1.0292491702        0.2615830548        0.0093504342        0.0266756775        1.0292491732        0.2615830536        1.4331939629        0.3822390909
        0.0121212122   14   14   14        1.3895164160        0.3355876437        1.0445393884        0.2300762673        0.0093222280        0.0274552597        1.0469024648        0.2361905403        2.6098950840        0.4292563396        1.0397202519        0.2570982725        0.0103707391        0.0275090852        1.0420698961        0.2473733948        1.4238289616        0.3673397043
        0.0242424243   14   14   14        1.3843713772        0.3300290378        1.0502198486        0.2234757573        0.0091438307        0.0282898667        1.0533123546        0.2392849143        2.5945192761        0.4108969799        1.0515455832        0.2498025764        0.0112500200        0.0312060946        1.0558193196        0.2335038299        1.4154162850        0.3488642873
        0.0363636365   14   14   14        1.3778739863        0.3144686791        1.0574720407        0.2175262130        0.0086988937        0.0271604780        1.0614664955        0.2380017943        2.5781174265        0.3857693191        1.0642512110        0.2407948993        0.0118764357        0.0347250420        1.0692394972        0.2237769873        1.4070057992        0.3285071582
        0.0484848486   14   14   14        1.3739229656        0.2988244211        1.0659485581        0.2140595932        0.0084285415        0.0266242518        1.0703326538        0.2340466617        2.5656549521        0.3644682494        1.0752995070        0.2362403530        0.0117732904        0.0330411963        1.0806558173        0.2195942831        1.4011549182        0.3117819053
        0.0606060607   14   14   14        1.3751792847        0.2903930711        1.0756359133        0.2124780534        0.0081852186        0.0255237786        1.0778728647        0.2341493667        2.5615284788        0.3581009044        1.0839730630        0.2362825827        0.0115192928        0.0311301083        1.0895203360        0.2188847126        1.4010574354        0.3064058739
        0.0727272728   14   14   14        1.3770961152        0.2843322477        1.0859678699        0.2090001366        0.0079677330        0.0253524993        1.0857941729        0.2326003896        2.5619857234        0.3580479057        1.0924998664        0.2378537971        0.0114717171        0.0318894361        1.0981167397        0.2182837715        1.4029354567        0.3052493726
        0.0848484849   14   14   14        1.3792326301        0.2786272897        1.0958730070        0.2076666032        0.0078708917        0.0250870211        1.0943302761        0.2294310604        2.5631420463        0.3548842666        1.1025996623        0.2359922130        0.0109962944        0.0306961585        1.1076146755        0.2154257719        1.4029063838        0.2945310423
        0.0969696971   14   14   14        1.3787474469        0.2709361115        1.1050092613        0.2066446448        0.0074212603        0.0219801249        1.1041943585        0.2254758039        2.5641239482        0.3528489249        1.1128061606        0.2326973434        0.0104450568        0.0288724418        1.1165768038        0.2118415273        1.4024982252        0.2860677050
        0.1090909092   14   14   14        1.3770139510        0.2617472179        1.1133676103        0.2067113136        0.0068910043        0.0183907032        1.1150406846        0.2219293366        2.5668848476        0.3507466199        1.1236091463        0.2293382389        0.0101601237        0.0290343133        1.1260201821        0.2078354509        1.4018674552        0.2771509317
        0.1212121213   14   14   14        1.3799686415        0.2585164313        1.1221205281        0.2069376843        0.0067798498        0.0177667891        1.1255990402        0.2208994079        2.5741993366        0.3452467564        1.1347668503        0.2269209847        0.0099289293        0.0306284647        1.1356063199        0.2069322448        1.4034648598        0.2705599133
        0.1333333334   14   14   14        1.3864786749        0.2567470423        1.1322501566        0.2050428829        0.0067238063        0.0180402733        1.1367126799        0.2181762762        2.5866413654        0.3419525165        1.1447563081        0.2295357041        0.0094522858        0.0304359550        1.1449127278        0.2093130359        1.4095114367        0.2720896243
        0.1454545455   14   14   14        1.3937634312        0.2523017109        1.1428528640        0.2034657165        0.0066532492        0.0178920547        1.1488822409        0.2145215861        2.6017600763        0.3395600363        1.1553880834        0.2313364268        0.0091326831        0.0296685373        1.1544337696        0.2098818006        1.4176785921        0.2740328912
        0.1575757577   14   14   14        1.4014541187        0.2487084250        1.1545520639        0.2025178683        0.0067539545        0.0173773789        1.1614023898        0.2122481151        2.6182363484        0.3355859785        1.1691450171        0.2270637479        0.0087977502        0.0279424912        1.1644450016        0.2069926273        1.4243629076        0.2684117472
        0.1696969698   14   14   14        1.4098338382        0.2463348524        1.1653712703        0.2029499144        0.0068421083        0.0165856078        1.1745382804        0.2121694556        2.6382962569        0.3328314869        1.1839008175        0.2233274909        0.0084434833        0.0252200451        1.1743103546        0.2062052110        1.4301973913        0.2619210568
        0.1818181819   14   14   14        1.4186115972        0.2441475772        1.1757468028        0.2039696366        0.0069855407        0.0155824187        1.1887132328        0.2115171415        2.6615717115        0.3319542336        1.1990663539        0.2211679155        0.0081229475        0.0215377111        1.1854500999        0.2060397686        1.4375509397        0.2574925084
        0.1939393940   14   14   14        1.4293324418        0.2434080263        1.1867880257        0.2030392259        0.0070393899        0.0145766578        1.2036616024        0.2106184504        2.6876118174        0.3333424822        1.2142865978        0.2216375420        0.0078075548        0.0170110165        1.1969203452        0.2064361761        1.4453997758        0.2552647901
        0.2060606061   14   14   14        1.4417389352        0.2438717250        1.1983206250        0.2019923286        0.0070951281        0.0141897182        1.2191975074        0.2112990629        2.7179577034        0.3356479324        1.2297861675        0.2238220135        0.0076805953        0.0131914245        1.2093050796        0.2077815043        1.4565213177        0.2550460917
        0.2181818183   14   14   14        1.4570790376        0.2449011757        1.2098206608        0.2023898217        0.0073399315        0.0136536506        1.2355629975        0.2128935812        2.7540091553        0.3385892760        1.2460056630        0.2268234553        0.0078242475        0.0112484253        1.2225062186        0.2096079940        1.4721295224        0.2576837589
        0.2303030304   14   14   14        1.4752023776        0.2440791067        1.2223000372        0.2023778770        0.0077852689        0.0116546859        1.2526532472        0.2143163788        2.7947284608        0.3407096778        1.2640298823        0.2278039461        0.0081982354        0.0105708930        1.2358838717        0.2102996880        1.4903840096        0.2567717076
        0.2424242425   14   14   14        1.4965135048        0.2430251989        1.2359010436        0.2023101214        0.0084452740        0.0105508053        1.2707213904        0.2154530727        2.8400056052        0.3423499866        1.2836360225        0.2272010034        0.0087378839        0.0106084158        1.2495903902        0.2106202321        1.5108825871        0.2539133685
        0.2545454546   14   14   14        1.5232873194        0.2447162849        1.2499721130        0.2030890093        0.0093551356        0.0108003457        1.2899961651        0.2166154103        2.8918364318        0.3450109146        1.3038708824        0.2275795343        0.0095498756        0.0114097559        1.2636602665        0.2109816508        1.5355135542        0.2522672945
        0.2666666667   14   14   14        1.5556628008        0.2489751048        1.2642159825        0.2035393661        0.0105366826        0.0117247622        1.3102356565        0.2182106965        2.9497236419        0.3485646989        1.3243190084        0.2287825756        0.0106430754        0.0126233938        1.2779574131        0.2108285245        1.5652543045        0.2527241864
        0.2787878789   14   14   14        1.5940966493        0.2546858221        1.2782117610        0.2038223942        0.0121196397        0.0131142239        1.3311359832        0.2200333835        3.0153059838        0.3528516398        1.3449226055        0.2301916339        0.0121723246        0.0143768397        1.2909575728        0.2104849790        1.6006132700        0.2547478531
        0.2909090910   14   14   14        1.6385540992        0.2616287486        1.2909980701        0.2048451159        0.0141367611        0.0149126700        1.3522830675        0.2219104316        3.0886427377        0.3578747562        1.3654437546        0.2317188111        0.0142542184        0.0166618888        1.3029187772        0.2108672629        1.6425032183        0.2589257983
        0.3030303031   14   14   14        1.6894052509        0.2699503369        1.3020562300        0.2062097219        0.0167631615        0.0174554383        1.3730977565        0.2234466792        3.1699916009        0.3629536290        1.3856330201        0.2332217991        0.0169389352        0.0194839277        1.3143082450        0.2113749309        1.6919382151        0.2654668181
        0.3151515152   14   14   14        1.7475209069        0.2784001830        1.3111682186        0.2074074857        0.0202387266        0.0208951902        1.3925334643        0.2248055490        3.2599423487        0.3676992692        1.4051865967        0.2343287896        0.0203623701        0.0230963603        1.3239872863        0.2115600973        1.7495684992        0.2735547747
        0.3272727273   14   14   14        1.8146444694        0.2883441647        1.3177739815        0.2079278250        0.0248538021        0.0255236067        1.4095034870        0.2266758116        3.3594318949        0.3726502911        1.4231621445        0.2349609274        0.0247024650        0.0276190479        1.3306208048        0.2119551912        1.8163337461        0.2835679444
        0.3393939395   14   14   14        1.8929918131        0.3007520250        1.3206176094        0.2079191752        0.0309730344        0.0312260370        1.4228936106        0.2295049744        3.4690287810        0.3782765791        1.4378822124        0.2352429858        0.0303177998        0.0333168427        1.3330688362        0.2129661395        1.8939145285        0.2955355061
        0.3515151516   14   14   14        1.9827665606        0.3160524777        1.3185257618        0.2079999998        0.0387499293        0.0374568918        1.4313196305        0.2333317908        3.5862530471        0.3851421684        1.4471881440        0.2357511224        0.0373707627        0.0396306631        1.3305285469        0.2142446943        1.9826356515        0.3086181483
        0.3636363637   14   14   14        2.0805396029        0.3337608272        1.3116336705        0.2084299734        0.0479003574        0.0437609942        1.4336432713        0.2377318860        3.7050067944        0.3933803790        1.4494513517        0.2371521007        0.0456527346        0.0455805357        1.3230352045        0.2158194374        2.0804388525        0.3246281939
        0.3757575758   14   14   14        2.1825415629        0.3534498532        1.3017480848        0.2088476638        0.0581032106        0.0504017838        1.4296130342        0.2406173404        3.8186019066        0.4025739441        1.4441449284        0.2382619091        0.0548134775        0.0511667955        1.3110894148        0.2163540960        2.1834085887        0.3448082550
        0.3878787879   14   14   14        2.2839984306        0.3729257829        1.2907237998        0.2085575240        0.0684606967        0.0567254632        1.4207339762        0.2412239966        3.9203139194        0.4093627942        1.4316461075        0.2380696873        0.0643388776        0.0563700877        1.2963518684        0.2163598398        2.2859151672        0.3666831794
        0.4000000001   14   14   14        2.3757897196        0.3902281557        1.2804131097        0.2068922949        0.0772292105        0.0614407553        1.4098202046        0.2401103303        4.0025412005        0.4102704880        1.4149230855        0.2385350764        0.0732459600        0.0603197608        1.2825856885        0.2166882565        2.3799040718        0.3842151048
        0.4121212122   14   14   14        2.4495000408        0.4010109039        1.2731015397        0.2057172323        0.0835185001        0.0645056591        1.4003842494        0.2379039488        4.0624574094        0.4071325058        1.4003402768        0.2393521680        0.0801656142        0.0627362306        1.2734483537        0.2162636674        2.4567656975        0.3958202316
        0.4242424243   14   14   14        2.4993238640        0.4046100856        1.2711322594        0.2048732629        0.0868180956        0.0660861708        1.3960051218        0.2374158757        4.0998926676        0.4006708337        1.3938914175        0.2406811143        0.0842850297        0.0649268948        1.2707698141        0.2149675171        2.5068590590        0.4028781058
        0.4363636364   14   14   14        2.5257048118        0.4096333199        1.2744097681        0.2036373180        0.0871962565        0.0655474914        1.3977756312        0.2399236079        4.1194765607        0.3918336339        1.3978249883        0.2449731698        0.0857477457        0.0659354520        1.2742112064        0.2137233951        2.5290399511        0.4011421096
        0.4484848485   14   14   14        2.5357700490        0.4144117037        1.2802145498        0.2020003825        0.0849379901        0.0637883918        1.4047467718        0.2466935174        4.1318979021        0.3844435816        1.4085674475        0.2524707302        0.0847631991        0.0654696742        1.2816075472        0.2123479489        2.5367033877        0.4018145892
        0.4606060607   14   14   14        2.5421159882        0.4169075204        1.2863113018        0.2014539456        0.0811330453        0.0621171833        1.4140042079        0.2551591127        4.1466790368        0.3792904813        1.4213615863        0.2602873858        0.0822898323        0.0644378807        1.2893053288        0.2123214787        2.5433577297        0.4091549708
        0.4727272728   14   14   14        2.5592836192        0.4239984498        1.2898953388        0.2039038237        0.0773035666        0.0609722524        1.4211649026        0.2635359327        4.1709706992        0.3745832383        1.4309132134        0.2693889800        0.0794676590        0.0632862739        1.2935452636        0.2139579262        2.5591818039        0.4176331528
        0.4848484849   14   14   14        2.5919459501        0.4367581997        1.2890265518        0.2095148291        0.0742040688        0.0611479712        1.4233880301        0.2710902394        4.2047543000        0.3702110254        1.4328030789        0.2813273784        0.0765193143        0.0623057563        1.2929815794        0.2162056246        2.5897502396        0.4320808864
        0.4969696970   14   14   14        2.6416627122        0.4539988669        1.2833038069        0.2171444457        0.0718322875        0.0625169452        1.4181026421        0.2806723960        4.2456470950        0.3695391230        1.4264422429        0.2934778252        0.0738948044        0.0624467160        1.2874554516        0.2210389874        2.6369441953        0.4522688573
        0.5090909091   14   14   14        2.7103006660        0.4730357353        1.2741633906        0.2266469788        0.0700091755        0.0649983579        1.4024997989        0.2931575438        4.2900149378        0.3719146384        1.4132013619        0.3022285045        0.0715760821        0.0637274643        1.2787251852        0.2271087480        2.6986998890        0.4632832306
        0.5212121213   14   14   14        2.7930307736        0.4877048996        1.2654347975        0.2356548205        0.0684776491        0.0687709894        1.3782258990        0.3043265298        4.3308140056        0.3760518316        1.3913913929        0.3107868088        0.0694219611        0.0658777583        1.2684235509        0.2352541354        2.7733840847        0.4676759152
        0.5333333334   14   14   14        2.8816945315        0.4947106780        1.2602079154        0.2423179695        0.0671117505        0.0728352869        1.3499454629        0.3100221543        4.3640052912        0.3814472898        1.3612385812        0.3174794672        0.0674906446        0.0677205996        1.2581684781        0.2446752421        2.8598209588        0.4744917195
        0.5454545455   14   14   14        2.9714291070        0.4985209086        1.2585754117        0.2483906069        0.0653939144        0.0765092862        1.3211539713        0.3103769190        4.3891910141        0.3861589162        1.3258661944        0.3251078588        0.0655536067        0.0703324174        1.2498189046        0.2528890384        2.9550572900        0.4838624073
        0.5575757576   14   14   14        3.0627291597        0.5093553307        1.2594115053        0.2553160834        0.0631617062        0.0799462789        1.2906853379        0.3118081260        4.4054752993        0.3902527625        1.2908485732        0.3316291897        0.0634134921        0.0745517951        1.2475697786        0.2588993447        3.0544321145        0.4978607724
        0.5696969697   14   14   14        3.1478153630        0.5195269141        1.2632380286        0.2634860549        0.0602572239        0.0829031954        1.2617805447        0.3144079735        4.4122207157        0.3964391182        1.2613733706        0.3316374668        0.0604887633        0.0795457267        1.2545192534        0.2630675020        3.1465878598        0.5102705406
        0.5818181819   14   14   14        3.2175572470        0.5280605082        1.2724093522        0.2702523143        0.0567434922        0.0858138124        1.2403083698        0.3187091825        4.4091724355        0.4040192018        1.2419282579        0.3272220876        0.0570312058        0.0838018361        1.2705483997        0.2662957873        3.2201588677        0.5146535627
        0.5939393940   14   14   14        3.2733383798        0.5386678846        1.2853047089        0.2771829833        0.0533181308        0.0882990646        1.2257514958        0.3272370123        4.3977068862        0.4107818330        1.2310208867        0.3236430067        0.0539445650        0.0869761319        1.2939232445        0.2700313307        3.2762713653        0.5196889722
        0.6060606061   14   14   14        3.3127977034        0.5440754056        1.3057293386        0.2815616492        0.0497573867        0.0910972549        1.2220790152        0.3288795509        4.3816095561        0.4164936640        1.2294919967        0.3226384591        0.0506355053        0.0912557530        1.3191845135        0.2762092699        3.3168159437        0.5385384642
        0.6181818182   14   14   14        3.3433122885        0.5530437813        1.3334767632        0.2839755230        0.0455560607        0.0947255371        1.2294915047        0.3261193981        4.3666729877        0.4216559492        1.2369717533        0.3208702005        0.0458377331        0.0956486715        1.3441383484        0.2794947383        3.3411513249        0.5603768308
        0.6303030304   14   14   14        3.3677931671        0.5591436764        1.3640945712        0.2866471452        0.0401509617        0.0975264733        1.2437284864        0.3246875768        4.3571694875        0.4251518915        1.2525347316        0.3164611252        0.0407328539        0.0985552491        1.3695429474        0.2813419062        3.3478948980        0.5743754932
        0.6424242425   14   14   14        3.3802237439        0.5671236897        1.3938295413        0.2875604553        0.0324463824        0.1023272790        1.2637204631        0.3204116817        4.3496092952        0.4236295810        1.2712971742        0.3112368972        0.0338536539        0.1003220530        1.3942004019        0.2832503363        3.3465666498        0.5817326722
        0.6545454546   14   14   14        3.3711102868        0.5635279729        1.4243235714        0.2830966454        0.0229459852        0.1069526144        1.2923092208        0.3113644307        4.3432748051        0.4204872351        1.2908589656        0.3105458928        0.0243963194        0.1037357380        1.4167109103        0.2808104639        3.3420968117        0.5824879263
        0.6666666667   14   14   14        3.3492381039        0.5553214071        1.4524929098        0.2752704936        0.0134712765        0.1106193860        1.3227471581        0.3020993854        4.3365277888        0.4137854663        1.3180131092        0.3060308629        0.0146124959        0.1077392856        1.4366359355        0.2742051898        3.3249175708        0.5716156411
        0.6787878788   14   14   14        3.3190473350        0.5551565713        1.4725577725        0.2672118604        0.0058920847        0.1127246723        1.3532782530        0.2932258487        4.3277496036        0.4075276177        1.3481958933        0.2926562292        0.0046671854        0.1094997839        1.4546475391        0.2667187838        3.2966553642        0.5548827327
        0.6909090910   14   14   14        3.2820532774        0.5518066363        1.4864168933        0.2609882889        0.0009923941        0.1136159493        1.3826528323        0.2829300368        4.3211053347        0.4095837467        1.3781777847        0.2806484866       -0.0019633135        0.1094263786        1.4694369048        0.2607275874        3.2646524188        0.5457710513
        0.7030303031   14   14   14        3.2410494177        0.5390600509        1.4957596850        0.2560939946       -0.0029006758        0.1113193022        1.4138588774        0.2760145394        4.3122826491        0.4178204021        1.4069864687        0.2684345625       -0.0033164609        0.1075678277        1.4846568045        0.2575586268        3.2306562803        0.5411645801
        0.7151515152   14   14   14        3.2067794904        0.5307702978        1.5033319311        0.2511439393       -0.0013449096        0.1101871147        1.4441266188        0.2686448935        4.3053793055        0.4227864493        1.4327759717        0.2590817433       -0.0016776007        0.1055420148        1.4979750990        0.2554349291        3.2001604588        0.5352149823
        0.7272727273   14   14   14        3.2024014976        0.5266275533        1.5118728056        0.2492179908        0.0049023460        0.1113625418        1.4655010085        0.2614039981        4.3086899032        0.4310528055        1.4573282995        0.2516886599        0.0009048321        0.1042039245        1.5081483738        0.2523604312        3.1782046576        0.5273060179
        0.7393939394   14   14   14        3.2049104989        0.5369620983        1.5286957891        0.2457291303        0.0100982122        0.1095856458        1.4824965609        0.2571486685        4.3111558851        0.4430138027        1.4798785990        0.2466376628        0.0050405084        0.1047394790        1.5219996060        0.2497917808        3.1577595310        0.5243127507
        0.7515151516   14   14   14        3.1848787401        0.5330873557        1.5525120586        0.2446785540        0.0124998072        0.1051166160        1.4976256645        0.2528696174        4.2989342439        0.4445389569        1.5017550179        0.2458619521        0.0083646455        0.1006554217        1.5458875353        0.2458685071        3.1295867928        0.5116404738
        0.7636363637   14   14   14        3.1448972267        0.5223981100        1.5802385540        0.2482687361        0.0115189531        0.1028272860        1.5146880524        0.2479793825        4.2729966088        0.4348326547        1.5183245464        0.2449127667        0.0098001434        0.0984477675        1.5739303883        0.2473014417        3.1051033219        0.5121969394
        0.7757575758   14   14   14        3.0887444959        0.5146679316        1.6040139038        0.2529239759        0.0092189604        0.0944320355        1.5305659600        0.2447918932        4.2440324126        0.4281987092        1.5285665109        0.2436228549        0.0084067657        0.0953034939        1.6005691854        0.2510853906        3.0724802236        0.5197790251
        0.7878787879   14   14   14        3.0388760966        0.5106436854        1.6249968737        0.2542857911        0.0050414245        0.0886264588        1.5460297734        0.2456984685        4.2214860508        0.4222926786        1.5399225204        0.2443755691        0.0064118492        0.0919225188        1.6273657204        0.2564578152        3.0290481269        0.5175993345
        0.8000000000   14   14   14        2.9860462747        0.4929637716        1.6501992183        0.2543950783        0.0012414266        0.0839517528        1.5653482807        0.2485929464        4.2096304399        0.4143523419        1.5587792177        0.2455606223        0.0025508207        0.0849781180        1.6526509940        0.2588977009        2.9806162797        0.5036477939
        0.8121212122   14   14   14        2.9347110775        0.4962922284        1.6835067891        0.2546128327       -0.0048346044        0.0783593844        1.5897348936        0.2463872862        4.2051904271        0.4103249870        1.5822096960        0.2475957919       -0.0038919702        0.0778320841        1.6825524706        0.2579789122        2.9448798845        0.5020808721
        0.8242424243   14   14   14        2.9026183353        0.5087899094        1.7240003680        0.2561134278       -0.0110766417        0.0710508690        1.6176398129        0.2478777333        4.2134785902        0.4077157659        1.6102753178        0.2491784232       -0.0114940271        0.0749649310        1.7211354274        0.2554487655        2.9223471208        0.5043313910
        0.8363636364   14   14   14        2.9237195960        0.5130666177        1.7685723855        0.2564038569       -0.0167326969        0.0727395926        1.6460341865        0.2540384720        4.2664497568        0.4141584499        1.6423146144        0.2543408218       -0.0199892676        0.0746562153        1.7668598842        0.2581019825        2.9356692818        0.5021595240
        0.8484848485   14   14   14        3.0155781134        0.5160250472        1.8175680963        0.2664388856       -0.0226171443        0.0742992016        1.6750295865        0.2621450756        4.3792502374        0.4265828183        1.6727327648        0.2587338558       -0.0264553649        0.0762767661        1.8179079229        0.2653615215        3.0231567241        0.5099772990
        0.8606060606   14   14   14        3.1555887627        0.5273403439        1.8719953952        0.2736705154       -0.0279685308        0.0808660053        1.7099778281        0.2639988097        4.5521020564        0.4501132963        1.7019289424        0.2663238873       -0.0333063099        0.0822805884        1.8680047496        0.2782266364        3.1852063805        0.5316194807
        0.8727272728   14   14   14        3.3481345900        0.5471004348        1.9297487655        0.2728556922       -0.0340046358        0.0876486363        1.7545083712        0.2707615270        4.7699212127        0.4610219685        1.7503349700        0.2750368185       -0.0387860013        0.0886214325        1.9262427135        0.2871225154        3.3518786082        0.5302430981
        0.8848484849   14   14   14        3.5336033743        0.5541266342        1.9903590225        0.2819781872       -0.0339002072        0.0958891332        1.8214165952        0.2782003936        5.0264319760        0.4747937617        1.8180511037        0.2854044260       -0.0344027979        0.0917924705        1.9912203549        0.3013061984        3.5342124264        0.5367540812
        0.8969696970   14   14   14        3.6901515349        0.5698918391        2.0604012765        0.2893831549       -0.0260732923        0.0983062307        1.9169729802        0.2880620716        5.3028354285        0.4926948983        1.9110110441        0.2947003914       -0.0225163717        0.0974887979        2.0639990835        0.3105909580        3.7105710837        0.5493801646
        0.9090909091   14   14   14        3.8657310621        0.5611483604        2.1461148488        0.2911117435       -0.0151635093        0.1032211222        2.0349987630        0.2935233297        5.6273953187        0.5143025185        2.0374225360        0.3072599346       -0.0132843571        0.1004422972        2.1589385489        0.3127662702        3.8742744418        0.5640163792
        0.9212121212   14   14   14        4.0824514172        0.5860703353        2.2446328984        0.3025422608       -0.0006123825        0.1064583063        2.1635673924        0.3074088632        6.0274108648        0.5452022162        2.1650494016        0.3206723897        0.0052159959        0.1045342654        2.2565771619        0.3253396774        4.1100178037        0.5873423274
        0.9333333334   14   14   14        4.3675738824        0.5903507242        2.3569434554        0.3147575813        0.0160356360        0.1082896964        2.3099323788        0.3248814501        6.5295822384        0.5725462831        2.2962492871        0.3372260107        0.0221396810        0.1134611286        2.3612206487        0.3310029055        4.4088107062        0.5998025671
        0.9454545455   14   14   14        4.7209210425        0.5936193289        2.4923034365        0.3419965094        0.0349896703        0.1210269130        2.4595490645        0.3454572179        7.1491323771        0.6344719308        2.4487759086        0.3603905665        0.0412559328        0.1202918223        2.5019905611        0.3432489539        4.7873703881        0.6064747252
        0.9575757576   14   14   14        5.1873062715        0.6387541802        2.6552933838        0.3798783277        0.0617624794        0.1344269954        2.6258573397        0.3733610662        7.9375529840        0.6878600812        2.6332219213        0.3762564352        0.0709431156        0.1400432164        2.6879955268        0.3765870580        5.2495599580        0.6479295206
        0.9696969697   14   14   14        5.7011609002        0.6853293197        2.8823775382        0.4102909964        0.1008970158        0.1430277868        2.8444605532        0.4184642996        8.8260041427        0.6789373922        2.8451007265        0.4070737252        0.1007837546        0.1407877665        2.9126142387        0.3913908371        5.7487307381        0.6772452878
        0.9818181818   14   14   14        6.3119395042        0.6904886505        3.1474527376        0.4303345823        0.1249952531        0.1498470507        3.0977700774        0.4323058853        9.8605748067        0.7219104738        3.0917709378        0.4636307913        0.1359882848        0.1441846821        3.1375637278        0.4175187752        6.3150471032        0.6973478714
        0.9939393940   14   14   14        6.9207262400        0.7260453270        3.2617428091        0.4548853409        0.1397517830        0.1595567878        3.2765160072        0.4600128269       11.0424732480        0.7545421915        3.2781432698        0.4643584800        0.1561171407        0.1598674969        3.2504642520        0.4512235573        6.9364076897        0.6890403745
        1.0060606061   14   14   14        9.1064205723        0.4561393456        1.4612347832        0.1339496614        0.0007108794        0.0019697282        1.4610261086        0.1340542029       14.8861623817        0.5159335938        1.4571978031        0.1364586324        0.0006980799        0.0019433128        1.4576454235        0.1366489571        9.1205192180        0.4509268840
        1.0181818182   14   14   14        9.0615619975        0.4106523108        1.0690002713        0.0956879359       -0.0000121781        0.0010312850        1.0681697447        0.0957022755       14.8353767372        0.4673040561        1.0652879279        0.0964716524       -0.0000169702        0.0010246776        1.0660441148        0.0964399146        9.0782086425        0.4069810896
        1.0303030303   14   14   14        8.9236609421        0.3913620357        0.8834828722        0.0798835226       -0.0000676331        0.0007908719        0.8824002139        0.0798699749       14.6052734600        0.4456205110        0.8798398217        0.0801532987       -0.0000703825        0.0007885861        0.8808166966        0.0800912310        8.9417263758        0.3880151065
        1.0424242424   14   14   14        8.7865085077        0.3797875300        0.7651152445        0.0700797711       -0.0000678992        0.0006749589        0.7639399592        0.0700583452       14.3725737171        0.4321512344        0.7615950788        0.0701486651       -0.0000699154        0.0006737628        0.7626665843        0.0700811190        8.8055592429        0.3764918516
        1.0545454546   14   14   14        8.6606590329        0.3718643407        0.6800873318        0.0630549016       -0.0000647524        0.0006039468        0.6788900059        0.0630316356       14.1582507009        0.4227032683        0.6767156634        0.0630386483       -0.0000664286        0.0006029798        0.6778170191        0.0629720413        8.6804399435        0.3685337983
        1.0666666667   14   14   14        8.5468920389        0.3660218421        0.6148309320        0.0576297113       -0.0000657780        0.0005545410        0.6136451641        0.0576065189       13.9644138885        0.4156067182        0.6116142627        0.0575786726       -0.0000672672        0.0005535810        0.6127122194        0.0575149330        8.5672330345        0.3626266248
        1.0787878788   14   14   14        8.4441269249        0.3614949759        0.5625595958        0.0532425789       -0.0000714054        0.0005174220        0.5614018024        0.0532200212       13.7894439366        0.4100268229        0.5594951948        0.0531806690       -0.0000727749        0.0005164302        0.5605724236        0.0531202838        8.4649077286        0.3580256841
        1.0909090909   14   14   14        8.3510006090        0.3578589816        0.5194084869        0.0495823906       -0.0000807732        0.0004881038        0.5182864958        0.0495605654       13.6310689648        0.4054905760        0.5164895009        0.0495214469       -0.0000820652        0.0004870910        0.5175371901        0.0494643926        8.3721327355        0.3543143209
        1.1030303030   14   14   14        8.2662431305        0.3548569791        0.4829769875        0.0464588902       -0.0000929309        0.0004641423        0.4818940657        0.0464377424       13.4871198721        0.4017071516        0.4801948984        0.0464047801       -0.0000941642        0.0004631299        0.4812087788        0.0463508484        8.2876600494        0.3512389528
        1.1151515152   14   14   14        8.1887558128        0.3523248382        0.4516774622        0.0437472839       -0.0001071493        0.0004441055        0.4506344092        0.0437267177       13.3557033332        0.3984868997        0.4490234054        0.0437027702       -0.0001083571        0.0004431004        0.4500018184        0.0436516851        8.2104059715        0.3486355930
        1.1272727273   14   14   14        8.1176130519        0.3501479009        0.4244089321        0.0413613254       -0.0001226352        0.0004269852        0.4234052061        0.0413412400       13.2352140427        0.3957008382        0.4218740004        0.0413274943       -0.0001237864        0.0004260281        0.4228168807        0.0412790205        8.1394568601        0.3463933651
        1.1393939394   14   14   14        8.0520330822        0.3482515530        0.4003787942        0.0392389443       -0.0001391105        0.0004122304        0.3994131108        0.0392192570       13.1242989474        0.3932573688        0.3979547500        0.0392159795       -0.0001402310        0.0004113199        0.3988627860        0.0391698564        8.0740383716        0.3444342514
        1.1515151515   14   14   14        7.9913603386        0.3465784875        0.3789990088        0.0373339986       -0.0001561705        0.0003993724        0.3780697115        0.0373146411       13.0218194832        0.3910900763        0.3766781118        0.0373215901       -0.0001572647        0.0003985163        0.3775524966        0.0372775956        8.0135014740        0.3427018988
        1.1636363636   14   14   14        7.9350399063        0.3450870920        0.3598222671        0.0356112684       -0.0001735588        0.0003880866        0.3589275396        0.0355921882       12.9268127934        0.3891493078        0.3575973783        0.0356088508       -0.0001746300        0.0003872902        0.3584395592        0.0355667878        7.9572960451        0.3411544529
        1.1757575758   14   14   14        7.8825998759        0.3437458689        0.3425011156        0.0340432729       -0.0001910846        0.0003781277        0.3416390908        0.0340244295       12.8384604795        0.3873971795        0.3403656851        0.0340501601       -0.0001921353        0.0003773941        0.3411772128        0.0340098543        7.9049539297        0.3397601598
        1.1878787879   14   14   14        7.8336362872        0.3425305082        0.3267607785        0.0326081655       -0.0002086029        0.0003693046        0.3259296213        0.0325895294       12.7560626247        0.3858042265        0.3247088146        0.0326236287       -0.0002096347        0.0003686356        0.3254912716        0.0325849270        7.8560741619        0.3384944602
        1.2000000000   14   14   14        7.7878021508        0.3414219408        0.3123806130        0.0312883030       -0.0002260158        0.0003614664        0.3115785459        0.0312698525       12.6790180770        0.3843471826        0.3104066359        0.0313116156       -0.0002270311        0.0003608628        0.3111615736        0.0312743824        7.8103119998        0.3373380564
