# ta1 =         1.0000000000 mua =        -0.8001000000 m1 =         1.1001000000 eo1 =         5.0000000000 m2 =         0.7001000000 eo2 =        -0.5000000000 ta2 =         0.5000000000 ta3 =         0.4000000000
# ts =         1.0000000000 mus =        -1.0000000000 ds =         0.0001000000
# tn =         1.0000000000 mun =        -1.0000000000 minev/ds =         0.0000000001 maxev =         1.2000000000
# tna_pz =         0.0000000000 tna_ab =         0.7000000000 tna_px =         0.0000000000 tna_py =         0.0000000000 tna_dxy =         0.7000000000
# rtna_pz =         0.0000000000 rtna_ab =         0.5000000000 rtna_px =         0.0000000000 rtna_py =         0.0000000000 rtna_dxy =         0.5000000000
# tas_pz =         0.0000000000 tas_ab =         0.7000000000 tas_px =         0.0000000000 tas_py =         0.0000000000 tas_dxy =         0.7000000000
# rtas_pz =         0.0000000000 rtas_ab =         0.5000000000 rtas_px =         0.0000000000 rtas_py =         0.0000000000 rtas_dxy =         0.5000000000
# wid =   140 len =    25 wn =    20 wb1 =    10 wb2 =    30 wb3 =    30 wbs =     0 numr =  1000
# ev/ds, nc1, nc2, nc3, G11_ave, G11_var, G21_ave, G21_var, G31_ave, G31_var, G12_ave, G12_var, G22_ave, G22_var, G32_ave, G32_var, G13_ave, G13_var, G23_ave, G23_var, G33_ave, G33_var
        0.0000000001   14   14   14        3.3094344444        0.7508103722        0.2123242753        0.2780664612        0.0967634977        0.0913140540        0.2123242726        0.2780664611        4.4233011556        0.5909920391        0.2189279600        0.2902550576        0.0967634977        0.0913140543        0.2189279625        0.2902550578        3.3252226898        0.7460538962
        0.0121212122   14   14   14        3.3132180526        0.6793345562        0.2094237558        0.2776127540        0.0973308118        0.0984674788        0.2155434694        0.2789836130        4.4325145112        0.5218031116        0.2259103029        0.2867965880        0.0964886959        0.1018234700        0.2109769859        0.2809225658        3.3095682582        0.6282946561
        0.0242424243   14   14   14        3.3019790482        0.6254138931        0.2006494327        0.2681183286        0.0982958858        0.1052540287        0.2246842780        0.2666873630        4.4432194787        0.5151047577        0.2286891947        0.2870940320        0.0985101996        0.1067459214        0.2055197395        0.2766965263        3.3325763260        0.6190678565
        0.0363636365   14   14   14        3.3016356875        0.6051151067        0.1980236267        0.2595408773        0.0983872895        0.1063545732        0.2300284974        0.2657874231        4.4513720203        0.4940418759        0.2360093209        0.2884126788        0.0992240037        0.1106321625        0.2022698416        0.2771251833        3.2970838083        0.5965342176
        0.0484848486   14   14   14        3.2852331477        0.6209222893        0.1891897472        0.2572840166        0.1005993796        0.1039558577        0.2326881487        0.2739490693        4.4685610582        0.5042901497        0.2419612027        0.2843249852        0.1013083013        0.1095231814        0.1935967754        0.2810254501        3.2706158884        0.5864848814
        0.0606060607   14   14   14        3.2826713785        0.6171439224        0.1876997517        0.2634426465        0.1020376395        0.1058825230        0.2378049839        0.2831689047        4.5014978747        0.5264590743        0.2564620175        0.2805900041        0.1009088638        0.1088907963        0.1902939370        0.2801752344        3.2563886492        0.5911478665
        0.0727272728   14   14   14        3.2792245586        0.6056555931        0.1833526753        0.2624438598        0.1048795234        0.1080236483        0.2436965401        0.2790151570        4.5407437352        0.5511146389        0.2665794241        0.2747999271        0.1038207814        0.1085611899        0.1890538431        0.2815597554        3.2534103751        0.6148128657
        0.0848484849   14   14   14        3.2751651465        0.6137556562        0.1837996822        0.2636296460        0.1062270125        0.1074715823        0.2491195025        0.2745729124        4.5848307808        0.5302713226        0.2699788289        0.2811200672        0.1084025188        0.1054545277        0.1844547533        0.2840371496        3.2465861862        0.5919527049
        0.0969696971   14   14   14        3.2835343708        0.5989688016        0.1853502181        0.2748104111        0.1086648240        0.1095204060        0.2626256907        0.2796892117        4.6378668914        0.5304674987        0.2765778781        0.2805039643        0.1084654924        0.1089082212        0.1825287273        0.2741364880        3.2579922444        0.5844172229
        0.1090909092   14   14   14        3.3155644693        0.5902098482        0.1908215029        0.2690018073        0.1075408571        0.1090540768        0.2753703183        0.2767781730        4.6882318136        0.5709871054        0.2906289227        0.2768103080        0.1073370284        0.1066646953        0.1881930417        0.2747754779        3.2691625185        0.5851137551
        0.1212121213   14   14   14        3.3388264257        0.5996713651        0.1874795299        0.2622085050        0.1074931987        0.1092702364        0.2772442155        0.2718973355        4.7321266063        0.5681326561        0.3020023636        0.2743820809        0.1050049025        0.1072817292        0.1960395727        0.2740534509        3.2960613950        0.5983846932
        0.1333333334   14   14   14        3.3443815132        0.5876847323        0.1851077220        0.2699187849        0.1073734861        0.1124858216        0.2766157253        0.2713689192        4.7653913717        0.5667764119        0.3064388537        0.2752917485        0.1044537859        0.1134138543        0.2048559243        0.2776364621        3.3241594508        0.5864801450
        0.1454545455   14   14   14        3.3419360762        0.5957110159        0.1823631898        0.2717316693        0.1027819357        0.1154873194        0.2744906846        0.2694684035        4.7823503342        0.5667518395        0.3047691000        0.2778763799        0.0992393224        0.1150383658        0.2007856464        0.2727534444        3.3377087667        0.5814782696
        0.1575757577   14   14   14        3.3573470844        0.5975022915        0.1802232301        0.2675641150        0.1014636208        0.1137774772        0.2699900281        0.2666778741        4.7901388412        0.5656348552        0.3023841608        0.2784172686        0.0988736989        0.1093713505        0.2018129143        0.2763354010        3.3254809827        0.5824874239
        0.1696969698   14   14   14        3.3726649383        0.6061242356        0.1842524726        0.2599722887        0.0999663039        0.1148562145        0.2677372663        0.2695974334        4.8046929492        0.5562675040        0.2994232532        0.2803270940        0.0944895509        0.1128201075        0.1993372644        0.2764136652        3.3389205696        0.6092845108
        0.1818181819   14   14   14        3.3420437799        0.5993796298        0.1834012688        0.2592871906        0.0947703643        0.1160848088        0.2726184869        0.2675773237        4.7891917423        0.5500345766        0.3018161270        0.2827374673        0.0898804698        0.1133656832        0.2064005648        0.2731988261        3.3255136526        0.5954536611
        0.1939393940   14   14   14        3.3478416870        0.6026667967        0.1752494783        0.2590803021        0.0929411793        0.1153621380        0.2728209516        0.2732376692        4.8110038735        0.5494063635        0.3004565722        0.2796843172        0.0875670243        0.1125864701        0.2026085149        0.2724588837        3.3353604251        0.5986593089
        0.2060606061   14   14   14        3.3128453201        0.5965079431        0.1758685491        0.2623890443        0.0964318017        0.1138043900        0.2777072324        0.2696860345        4.7784877625        0.5366792529        0.3043139379        0.2759515920        0.0904741097        0.1085629068        0.2005226484        0.2728203094        3.3011095370        0.6000728705
        0.2181818183   14   14   14        3.2964140917        0.5962285742        0.1843418880        0.2666604535        0.0962529646        0.1150258170        0.2860172313        0.2692106116        4.7674100467        0.5264900389        0.3117777400        0.2757182688        0.0902414303        0.1087066285        0.1994273007        0.2709694547        3.2626424823        0.5757458552
        0.2303030304   14   14   14        3.2575352541        0.5850657508        0.1843414340        0.2696053245        0.0964533292        0.1163753574        0.2927258643        0.2678434544        4.7444251516        0.5333473502        0.3177564178        0.2756961891        0.0897633270        0.1097454204        0.2018799995        0.2691952657        3.2347872935        0.5577108156
        0.2424242425   14   14   14        3.2120193121        0.5673654901        0.1740990276        0.2657626473        0.0942265936        0.1156031144        0.2982352682        0.2696797252        4.7570259493        0.5342844250        0.3230667052        0.2802385038        0.0894846018        0.1109485768        0.1970047790        0.2721026021        3.2105464775        0.5531335412
        0.2545454546   14   14   14        3.1526406398        0.5588108610        0.1746604690        0.2632524183        0.0934062816        0.1145267029        0.3103413661        0.2748466590        4.7403733543        0.5132456425        0.3348327267        0.2859575506        0.0905499621        0.1097449334        0.1968931367        0.2719516647        3.1573227936        0.5466643404
        0.2666666667   14   14   14        3.1232958549        0.5442677472        0.1695823594        0.2690633059        0.0917722676        0.1099328743        0.3184513048        0.2773799293        4.7387424905        0.5055145669        0.3439424630        0.2872324274        0.0924609696        0.1058579932        0.1936906474        0.2720082422        3.1226401065        0.5479283264
        0.2787878789   14   14   14        3.1112838435        0.5316288797        0.1615081395        0.2741901449        0.0866288784        0.1084997331        0.3232489655        0.2824522494        4.7575343179        0.4965440097        0.3436531029        0.2886457867        0.0902633866        0.1064980468        0.1873196197        0.2766173101        3.1120360203        0.5471416786
        0.2909090910   14   14   14        3.1060949535        0.5383643303        0.1527737309        0.2756085498        0.0820480184        0.1140839841        0.3293001925        0.2875554737        4.7986392705        0.5128523908        0.3478315003        0.2874599082        0.0872623155        0.1139743547        0.1774134090        0.2790277255        3.1091860179        0.5411732741
        0.3030303031   14   14   14        3.1150026312        0.5351515966        0.1390947509        0.2688386691        0.0807001140        0.1139617905        0.3364029144        0.2920859642        4.8592471430        0.5458818233        0.3539286382        0.2866734740        0.0846309118        0.1137405583        0.1662888632        0.2749721540        3.1169702231        0.5357444265
        0.3151515152   14   14   14        3.1538965286        0.5250230341        0.1279571833        0.2644032391        0.0814339357        0.1136564732        0.3345992332        0.2890590201        4.9376263968        0.5342776861        0.3589909948        0.2879142481        0.0812577356        0.1134585393        0.1553591810        0.2657598406        3.1486328462        0.5460087598
        0.3272727273   14   14   14        3.2086344437        0.5315369993        0.1201070012        0.2653625676        0.0794824365        0.1169002297        0.3316779251        0.2859599989        5.0081667282        0.5344786982        0.3609907711        0.2854078286        0.0764460552        0.1169192547        0.1501930287        0.2614355808        3.1811395614        0.5458840373
        0.3393939395   14   14   14        3.2436757640        0.5449659268        0.1205263706        0.2678362940        0.0755806035        0.1196306881        0.3383127366        0.2865076285        5.0560881675        0.5424335944        0.3582663452        0.2818392331        0.0757789922        0.1250835975        0.1490823938        0.2620734177        3.2200447567        0.5499838121
        0.3515151516   14   14   14        3.2732067146        0.5454770448        0.1219639269        0.2650896632        0.0695371113        0.1214237192        0.3342391667        0.2858807850        5.0690810549        0.5297279698        0.3553457190        0.2852391616        0.0692951948        0.1310925116        0.1485537579        0.2670748712        3.2523431978        0.5410893683
        0.3636363637   14   14   14        3.2879193237        0.5402310665        0.1221702336        0.2676966865        0.0637069881        0.1229878265        0.3268491796        0.2917815627        5.0723424782        0.5348673957        0.3512372313        0.2798349781        0.0627971585        0.1290861355        0.1452320829        0.2604033622        3.2637796999        0.5504203936
        0.3757575758   14   14   14        3.3269369776        0.5419171788        0.1268220449        0.2708705379        0.0592980689        0.1206565778        0.3170493879        0.2950125878        5.0820799961        0.5339319476        0.3401009425        0.2779853196        0.0591772771        0.1301547251        0.1426273498        0.2622971437        3.2902871775        0.5431971728
        0.3878787879   14   14   14        3.3565747826        0.5324697351        0.1296863272        0.2733796090        0.0548021372        0.1212492777        0.3055689345        0.3005473443        5.0833483103        0.5340769580        0.3247356893        0.2810024048        0.0557970413        0.1293820486        0.1481654981        0.2686356350        3.3125256132        0.5444052422
        0.4000000001   14   14   14        3.3894836740        0.5493009439        0.1317652400        0.2692460827        0.0521344717        0.1201159544        0.2962784152        0.2987300723        5.1104151855        0.5358478677        0.3187698858        0.2866511344        0.0555682921        0.1271858632        0.1544581144        0.2739132839        3.3454516499        0.5427087019
        0.4121212122   14   14   14        3.4313375175        0.5610027131        0.1383760218        0.2694492665        0.0513303070        0.1203602676        0.2971360152        0.2970935694        5.1740615179        0.5515922608        0.3156601963        0.2892412490        0.0545309236        0.1281419046        0.1541115886        0.2763589394        3.3982445571        0.5316018481
        0.4242424243   14   14   14        3.4866738888        0.5619364346        0.1440473255        0.2729563233        0.0503573967        0.1231116469        0.2969226305        0.3004618954        5.2363601294        0.5638127315        0.3087397616        0.2900894705        0.0501926815        0.1321813906        0.1546465134        0.2770946193        3.4632603624        0.5442229464
        0.4363636364   14   14   14        3.5436509747        0.5613313419        0.1478681653        0.2774311366        0.0480746658        0.1283069713        0.3033385686        0.3027637923        5.2806035908        0.5702642330        0.3036823039        0.2907688838        0.0479235535        0.1349505784        0.1601461250        0.2799651799        3.5356127503        0.5554938320
        0.4484848485   14   14   14        3.6060676426        0.5772025460        0.1638129099        0.2808591846        0.0456910322        0.1340313204        0.3134857427        0.3023288097        5.3274448540        0.5765472896        0.3079794053        0.2928828092        0.0440939986        0.1357662877        0.1708671204        0.2800226228        3.5996422712        0.5653023177
        0.4606060607   14   14   14        3.6543562198        0.5825326778        0.1805672079        0.2877489106        0.0482804355        0.1266734007        0.3238417214        0.3026103584        5.3703227236        0.5728987785        0.3247486004        0.2946639954        0.0464055196        0.1311615581        0.1859920916        0.2836084142        3.6492725157        0.5670058604
        0.4727272728   14   14   14        3.6687551306        0.5749647029        0.1918122446        0.2915387291        0.0536546698        0.1278612947        0.3368549781        0.2975435620        5.3837280486        0.5731014737        0.3427119800        0.2914765409        0.0511711871        0.1249641734        0.2047682093        0.2844002007        3.6727788005        0.5863891372
        0.4848484849   14   14   14        3.6805046475        0.5710953366        0.2097120939        0.2814640249        0.0579464029        0.1311927269        0.3556266167        0.2952878793        5.3873537875        0.5736510032        0.3631318328        0.2870345097        0.0568875672        0.1289609160        0.2260381198        0.2759925418        3.6853039208        0.5906869796
        0.4969696970   14   14   14        3.6752197118        0.5673041781        0.2464015192        0.2761232434        0.0596599613        0.1274217588        0.3787832238        0.2898411252        5.3706484337        0.5605255682        0.3871608573        0.2881177050        0.0612932891        0.1297309731        0.2530018829        0.2762002849        3.6654722059        0.5714953100
        0.5090909091   14   14   14        3.6910018028        0.5715242413        0.2790388151        0.2747658664        0.0570607506        0.1255508214        0.3939073316        0.2839528370        5.3757296687        0.5552264989        0.3974248098        0.2920534154        0.0614603957        0.1300557211        0.2734609811        0.2748979264        3.6808873441        0.5639140345
        0.5212121213   14   14   14        3.6720340378        0.5641743657        0.2948510383        0.2736513683        0.0549016821        0.1271084533        0.4003202866        0.2830406939        5.3408871102        0.5488065394        0.4025001542        0.2963412983        0.0629555061        0.1328162815        0.3007970005        0.2784355112        3.6662083538        0.5557261885
        0.5333333334   14   14   14        3.6385552389        0.5523409874        0.3121037170        0.2823568127        0.0532550529        0.1309040765        0.4018961019        0.2904471475        5.2823898815        0.5370451848        0.4178162702        0.2846114552        0.0581295319        0.1334426882        0.3330633620        0.2737881817        3.6303888864        0.5539742879
        0.5454545455   14   14   14        3.6071571593        0.5671502037        0.3328092281        0.2816508014        0.0464163290        0.1283717349        0.4093201298        0.2975926620        5.2296588066        0.5344568356        0.4264990525        0.2837227496        0.0506532483        0.1304875205        0.3518695039        0.2705684081        3.5994637816        0.5326880627
        0.5575757576   14   14   14        3.5903804947        0.5743590813        0.3453000704        0.2826283439        0.0446891007        0.1287558330        0.4211875424        0.2962578923        5.1945872894        0.5239013909        0.4300541609        0.2855725974        0.0479258872        0.1247757466        0.3659273068        0.2693428622        3.5804735629        0.5456019585
        0.5696969697   14   14   14        3.5502051917        0.5613992544        0.3626602894        0.2852931981        0.0433063788        0.1243842206        0.4489858866        0.2907213007        5.1698668624        0.5175206730        0.4465214656        0.2879260353        0.0440256479        0.1227954372        0.3758290975        0.2769838182        3.5575268851        0.5555657802
        0.5818181819   14   14   14        3.5211934715        0.5577494961        0.3776715989        0.2857853128        0.0427365285        0.1240230219        0.4767516009        0.2897445877        5.1634612123        0.5213295915        0.4765423420        0.2824382982        0.0426616112        0.1248825488        0.3872562251        0.2819159497        3.5289747710        0.5463561601
        0.5939393940   14   14   14        3.4905301148        0.5427183263        0.3856061799        0.2839195743        0.0431472430        0.1224716572        0.5078464453        0.2928933767        5.1554523347        0.5199523174        0.5038634469        0.2833575342        0.0449691771        0.1234804250        0.3967147707        0.2827640261        3.4982415186        0.5321762556
        0.6060606061   14   14   14        3.4482196221        0.5499600609        0.3966814418        0.2806112767        0.0452749842        0.1195319996        0.5408397076        0.3020983464        5.1461050173        0.5207771418        0.5290394703        0.2838923875        0.0502870233        0.1233376288        0.4120422103        0.2731061957        3.4646265779        0.5388499720
        0.6181818182   14   14   14        3.4379779248        0.5520709940        0.4092790156        0.2749153465        0.0416257951        0.1204573504        0.5634934803        0.3044867897        5.1607856757        0.5192353898        0.5436155085        0.2827224184        0.0484452881        0.1222048156        0.4232820020        0.2684854277        3.4547438442        0.5342671307
        0.6303030304   14   14   14        3.4540466367        0.5349769775        0.4160647815        0.2772363699        0.0404755829        0.1160775017        0.5737504230        0.3025719464        5.1942062542        0.5176447400        0.5600707813        0.2940776427        0.0461542734        0.1175489318        0.4227124148        0.2771549060        3.4648555092        0.5398858926
        0.6424242425   14   14   14        3.4844561477        0.5449497441        0.4246770946        0.2831391889        0.0414061525        0.1171335365        0.5906841738        0.3086554936        5.2439551800        0.5213825495        0.5828226265        0.2978546928        0.0485677343        0.1178688005        0.4310214943        0.2849111988        3.4992053004        0.5467693923
        0.6545454546   14   14   14        3.5031231404        0.5518833912        0.4347939702        0.2913438027        0.0482002948        0.1183512816        0.6131306110        0.3137439808        5.2974527221        0.5217479581        0.6106119889        0.3088157992        0.0544521877        0.1202971985        0.4462468509        0.2911840889        3.5338316514        0.5670495214
        0.6666666667   14   14   14        3.5284660886        0.5513616111        0.4453374482        0.2956963622        0.0537077198        0.1161100670        0.6337388475        0.3129891645        5.3492130065        0.5295391496        0.6354512625        0.3112264548        0.0638262068        0.1210472126        0.4646930990        0.2909927816        3.5557775943        0.5629372143
        0.6787878788   14   14   14        3.5405746821        0.5450994773        0.4662542770        0.2905454540        0.0617283571        0.1127468747        0.6525602127        0.3137155304        5.3667681394        0.5358008603        0.6607498344        0.3114508210        0.0717495257        0.1189590008        0.4821823054        0.2915512065        3.5595566918        0.5533576210
        0.6909090910   14   14   14        3.5570730444        0.5347931649        0.4878979807        0.2955038160        0.0682046353        0.1155627896        0.6649893133        0.3151749980        5.3832520204        0.5299647044        0.6791445281        0.3135802343        0.0756336224        0.1163676436        0.5007159150        0.2904723682        3.5648476371        0.5531382724
        0.7030303031   14   14   14        3.5880549410        0.5396015964        0.5116065494        0.3018673289        0.0684642831        0.1185591357        0.6799353355        0.3195775594        5.4066604788        0.5312285389        0.6900042931        0.3178756240        0.0729437341        0.1194333667        0.5244807081        0.2960711867        3.5814548394        0.5472799812
        0.7151515152   14   14   14        3.6286531107        0.5445848481        0.5367754040        0.3084227845        0.0665558928        0.1202524024        0.6908991033        0.3248649842        5.4358981041        0.5402064339        0.6932950164        0.3200668903        0.0694265589        0.1196921336        0.5458329495        0.3028908631        3.6247937149        0.5472669621
        0.7272727273   14   14   14        3.6611215036        0.5469780207        0.5660093326        0.3162985780        0.0617468912        0.1245186439        0.7037158734        0.3291719466        5.4416180923        0.5366369252        0.7075122584        0.3187563136        0.0651579875        0.1231445236        0.5777513395        0.3062396827        3.6555732612        0.5451339399
        0.7393939394   14   14   14        3.6898441239        0.5645186832        0.6002247393        0.3225044597        0.0575299454        0.1263409494        0.7231693099        0.3358923607        5.4422773249        0.5501926263        0.7238739708        0.3183603392        0.0579018473        0.1253232170        0.6112077927        0.3106742778        3.6703022596        0.5687538183
        0.7515151516   14   14   14        3.7162051938        0.5754670909        0.6282868516        0.3265298495        0.0558683265        0.1249345468        0.7442490139        0.3444134631        5.4522447915        0.5511870820        0.7487717482        0.3189512496        0.0529543334        0.1229389356        0.6527882474        0.3153343638        3.6684649745        0.5642225590
        0.7636363637   14   14   14        3.7094112754        0.5725428005        0.6720247827        0.3299458419        0.0588616441        0.1210351737        0.7694977621        0.3505729615        5.4301991570        0.5392622379        0.7811575164        0.3295259719        0.0548265548        0.1214174419        0.6908846976        0.3186786662        3.6504287358        0.5654400574
        0.7757575758   14   14   14        3.6676590761        0.5794119292        0.7313382043        0.3365703649        0.0656673312        0.1201744725        0.8179227607        0.3644143794        5.3970737907        0.5407823361        0.8324976053        0.3371891900        0.0635495318        0.1219965033        0.7440937871        0.3248034570        3.6163225570        0.5737571600
        0.7878787879   14   14   14        3.5806925440        0.5959997558        0.8054918832        0.3413437966        0.0748577049        0.1184380404        0.8963119540        0.3748992565        5.3385193080        0.5547784203        0.8973646790        0.3468635066        0.0756139943        0.1192037330        0.8142835991        0.3406245618        3.5538070333        0.5783885765
        0.8000000000   14   14   14        3.5080174843        0.5906771765        0.8871483264        0.3507870115        0.0880121190        0.1179522771        0.9823865142        0.3834403754        5.2872263419        0.5724389920        0.9788230642        0.3599792987        0.0845460473        0.1160015713        0.8998166729        0.3475293908        3.4917616832        0.5853896233
        0.8121212122   14   14   14        3.4684029547        0.5894158394        0.9724051169        0.3575357848        0.0976016219        0.1211034846        1.0626079494        0.3903195157        5.2623438566        0.5826563104        1.0612830363        0.3744121086        0.0931076847        0.1181434190        0.9842748584        0.3571564714        3.4531943583        0.5954735152
        0.8242424243   14   14   14        3.4639520111        0.5916034820        1.0570395212        0.3724418970        0.1045471463        0.1185243701        1.1416400233        0.4025716472        5.2909208071        0.6035173627        1.1384248644        0.3863836854        0.1017778463        0.1146741144        1.0655072708        0.3744557793        3.4472635802        0.6165562505
        0.8363636364   14   14   14        3.5153956441        0.5997721758        1.1402404621        0.3871012753        0.1118718495        0.1179176130        1.2151556999        0.4134422441        5.3832597044        0.6343152132        1.2132517200        0.3967367294        0.1117991954        0.1153072082        1.1472707442        0.3839709219        3.5026758503        0.6254607883
        0.8484848485   14   14   14        3.6043598257        0.6298054320        1.2162882520        0.3989207223        0.1246142562        0.1231399717        1.2880970372        0.4223194352        5.5306395128        0.6723193310        1.2835773763        0.4036491558        0.1234329866        0.1194715747        1.2230424233        0.3966166700        3.5799835533        0.6219635504
        0.8606060606   14   14   14        3.7166254242        0.6469013571        1.2863559107        0.4062471485        0.1355978564        0.1322302491        1.3543794152        0.4332514657        5.7304192336        0.7026479274        1.3520290973        0.4071477977        0.1350186105        0.1266856735        1.2894886258        0.4127443897        3.7009623386        0.6264883236
        0.8727272728   14   14   14        3.8747826224        0.6602528939        1.3487621349        0.4185897770        0.1413409130        0.1461932083        1.4121584775        0.4395335430        5.9754668149        0.7395657584        1.4173618896        0.4095616512        0.1398430647        0.1346009423        1.3578897067        0.4219967355        3.8534475700        0.6570310171
        0.8848484849   14   14   14        4.0179494779        0.6501177951        1.4159210876        0.4247327548        0.1472023794        0.1515732849        1.4738651619        0.4405955731        6.2169154094        0.7586809489        1.4891881482        0.4153707635        0.1459082048        0.1467793936        1.4290960436        0.4353204329        3.9925971389        0.6718483288
        0.8969696970   14   14   14        4.1507356291        0.6730809002        1.4999530372        0.4317264356        0.1543640045        0.1524909271        1.5411364988        0.4437912069        6.4368169972        0.7810262299        1.5629948763        0.4275432175        0.1571333766        0.1555470951        1.5068617865        0.4527777009        4.1199852878        0.6800534690
        0.9090909091   14   14   14        4.2934203860        0.6851401006        1.6009614464        0.4440417686        0.1699694842        0.1595187276        1.6182644858        0.4536236965        6.6660060893        0.8083090508        1.6410946329        0.4495974415        0.1675497753        0.1582948017        1.6001375723        0.4738497411        4.2413124818        0.6765916107
        0.9212121212   14   14   14        4.4344799801        0.6886237584        1.7147153260        0.4565853867        0.1828693537        0.1689378538        1.7231131588        0.4757532720        6.9043533353        0.8177006777        1.7454860127        0.4666821222        0.1751405543        0.1638023695        1.7231236057        0.4866486278        4.3724641569        0.7065764675
        0.9333333334   14   14   14        4.5401940537        0.6944143822        1.8433801561        0.4796747406        0.1924790178        0.1677392487        1.8537260582        0.4959980397        7.1535142329        0.8398198344        1.8788296383        0.4682629328        0.1816199106        0.1643182801        1.8591669320        0.4980128069        4.5040030246        0.7093822776
        0.9454545455   14   14   14        4.7194553412        0.7044803826        1.9870491714        0.4864731695        0.2050752379        0.1774594598        1.9886401841        0.5185114289        7.4736527289        0.8590578427        2.0195604814        0.4720622669        0.2016912750        0.1754066422        2.0020371754        0.5155463878        4.7052693470        0.7118564148
        0.9575757576   14   14   14        4.9006198515        0.7045966484        2.1598409637        0.4895703345        0.2114363224        0.1684647999        2.1426205703        0.5174355649        7.8289888836        0.8491665307        2.1618580385        0.4860971785        0.2145561739        0.1824767985        2.1541109558        0.5090010231        4.9282714577        0.7146335761
        0.9696969697   14   14   14        5.1674083716        0.7211448704        2.3331162391        0.4877617549        0.2225764973        0.1777401458        2.3019677710        0.4915802916        8.2590760335        0.8424874931        2.3114797733        0.4830012939        0.2297452601        0.1784824437        2.3204502073        0.4933848740        5.1920810221        0.6938963589
        0.9818181818   14   14   14        5.4398801131        0.7173764591        2.4950374792        0.4770607764        0.2262660778        0.1801575112        2.4493869770        0.4810459012        8.7079775774        0.8487672858        2.4669836714        0.4931913244        0.2276241833        0.1747971935        2.4852917324        0.4841691974        5.4580536831        0.7113540556
        0.9939393940   14   14   14        5.7122145276        0.7145348436        2.6332757831        0.4624752061        0.2425470623        0.1658423198        2.5920767914        0.4434526753        9.2577251520        0.8015040568        2.6241558676        0.4708710666        0.2471851069        0.1771516189        2.6244884435        0.4590015737        5.7215278508        0.6866164360
        1.0060606061   14   14   14        8.0202287707        0.5044269952        1.1532085016        0.1570004842        0.0080429400        0.0084168968        1.1563002274        0.1559092022       13.3744256882        0.6627635088        1.1578145880        0.1566726149        0.0081664144        0.0082251810        1.1568854653        0.1566323778        8.0405770281        0.5238849714
        1.0181818182   14   14   14        8.0398244866        0.4520908590        0.8077364885        0.1129328120        0.0013433519        0.0047696287        0.8114863525        0.1123301965       13.3995174121        0.5944571803        0.8142817364        0.1114814569        0.0013739461        0.0046573683        0.8120775415        0.1116434868        8.0637072277        0.4636265662
        1.0303030303   14   14   14        7.9369343600        0.4315446417        0.6598614440        0.0942056116        0.0000226632        0.0038317490        0.6639083370        0.0937718833       13.1957484865        0.5615308241        0.6668323395        0.0923149713        0.0000359421        0.0037591172        0.6641497645        0.0925862104        7.9612790112        0.4378116796
        1.0424242424   14   14   14        7.8296658509        0.4205134150        0.5680254438        0.0825236374       -0.0004431302        0.0033871908        0.5722255924        0.0821825327       12.9854332529        0.5419426983        0.5750918097        0.0804323442       -0.0004365822        0.0033379767        0.5721509511        0.0807645982        7.8539229236        0.4229389035
        1.0545454546   14   14   14        7.7308406820        0.4137166932        0.5025020692        0.0741505110       -0.0006420143        0.0031229462        0.5067806122        0.0738682626       12.7924141146        0.5289441486        0.5095370998        0.0719619997       -0.0006388650        0.0030890589        0.5064422790        0.0723315589        7.7548538241        0.4132478393
        1.0666666667   14   14   14        7.6418163027        0.4091561224        0.4521352279        0.0676913927       -0.0007347960        0.0029442895        0.4564481509        0.0674496144       12.6189619867        0.5196776568        0.4590802742        0.0654583749       -0.0007335994        0.0029211945        0.4558911255        0.0658522738        7.6655412814        0.4064534287
        1.0787878788   14   14   14        7.5618152542        0.4059039821        0.4115672797        0.0624765702       -0.0007803523        0.0028125682        0.4158868118        0.0622641300       12.4633891355        0.5127172132        0.4183931496        0.0602288042       -0.0007803551        0.0027974810        0.4151472436        0.0606393875        7.5852474923        0.4014430141
        1.0909090909   14   14   14        7.4897031961        0.4034737141        0.3778274899        0.0581340622       -0.0008039252        0.0027091357        0.3821353524        0.0579437603       12.3233892451        0.5072736284        0.3845198205        0.0558895535       -0.0008047010        0.0027002211        0.3812422659        0.0563120224        7.5128533370        0.3976059039
        1.1030303030   14   14   14        7.4244026525        0.4015879700        0.3491036335        0.0544363178       -0.0008174304        0.0026239698        0.3533874287        0.0542632875       12.1968032373        0.5028769721        0.3556558599        0.0522064783       -0.0008187107        0.0026199490        0.3523641053        0.0526376933        7.4472869973        0.3945787982
        1.1151515152   14   14   14        7.3649972084        0.4000806752        0.3242107249        0.0512341471       -0.0008273162        0.0025513761        0.3284616552        0.0510750024       12.0817795084        0.4992314745        0.3306216355        0.0490265399       -0.0008290816        0.0025513232        0.3273278479        0.0494643047        7.3876257646        0.3921329153
        1.1272727273   14   14   14        7.3106581597        0.3988386790        0.3023369621        0.0484246809       -0.0008350897        0.0024874172        0.3065496352        0.0482769496       11.9767543977        0.4961427297        0.3086056126        0.0462442017       -0.0008369161        0.0024906197        0.3053194990        0.0466871381        7.3330644868        0.3901154934
        1.1393939394   14   14   14        7.2607771705        0.3977974405        0.2828959158        0.0459337417       -0.0008438383        0.0024301602        0.2870659773        0.0457956579       11.8804437940        0.4934779795        0.2890253201        0.0437839147       -0.0008457995        0.0024360788        0.2857532894        0.0442308760        7.2829702061        0.3884242026
        1.1515151515   14   14   14        7.2147924434        0.3969065634        0.2654565860        0.0437063421       -0.0008538090        0.0023779520        0.2695812455        0.0435765818       11.7917645077        0.4911439772        0.2714498931        0.0415895625       -0.0008558485        0.0023861549        0.2681969489        0.0420397402        7.2367878255        0.3869853619
        1.1636363636   14   14   14        7.1722448620        0.3961320949        0.2496906190        0.0417004864       -0.0008653259        0.0023297384        0.2537680341        0.0415780542       11.7098108093        0.4890733748        0.2555515086        0.0396184308       -0.0008674039        0.0023398766        0.2523213984        0.0400712056        7.1940569528        0.3857459268
        1.1757575758   14   14   14        7.1327464632        0.3954495978        0.2353427626        0.0398833986       -0.0008784746        0.0022847742        0.2393717823        0.0397675377       11.6338182479        0.4872164129        0.2410751927        0.0378372463       -0.0008805626        0.0022965612        0.2378707178        0.0382921297        7.1543883928        0.3846666139
        1.1878787879   14   14   14        7.0959673274        0.3948411044        0.2222107828        0.0382290072       -0.0008932128        0.0022425198        0.2261907743        0.0381191367       11.5631373616        0.4855355701        0.2278188299        0.0362195883       -0.0008952906        0.0022557171        0.2246420769        0.0366761842        7.1174510691        0.3837177602
        1.2000000000   14   14   14        7.0616249021        0.3942931443        0.2101318277        0.0367162317       -0.0009094235        0.0022025733        0.2140625408        0.0366119045       11.4972126095        0.4840020222        0.2156195800        0.0347441309       -0.0009114759        0.0022169811        0.2124720859        0.0352021066        7.0829613804        0.3828765971
