# ta1 =         1.0000000000 mua =        -0.8001000000 m1 =         1.1001000000 eo1 =         5.0000000000 m2 =         0.7001000000 eo2 =        -0.5000000000 ta2 =         0.5000000000 ta3 =         0.4000000000
# ts =         1.0000000000 mus =        -1.0000000000 ds =         0.0010000000
# tn =         1.0000000000 mun =        -1.0000000000 ev/ds =         0.0000000001
# tna_pz =         0.2500000000 tna_ab =         0.2500000000 tna_px =         0.0000000000 tna_py =         0.0000000000 tna_dxy =         0.0000000000
# tas_pz =         0.2500000000 tas_ab =         0.2500000000 tas_px =         0.0000000000 tas_py =         0.0000000000 tas_dxy =         0.0000000000
# wid =   200 len =    40 wn =    20 wb1 =    10 wb2 =    60 wb3 =    60 wbs =     0 numr =  1000
# rrtna_pz/tna_pz, nc1, nc2, nc3, G11_ave, G11_var, G21_ave, G21_var, G31_ave, G31_var, G12_ave, G12_var, G22_ave, G22_var, G32_ave, G32_var, G13_ave, G13_var, G23_ave, G23_var, G33_ave, G33_var
        0.0000000001   14   14   14        2.6414714612        0.0000000000        2.5494655414        0.0000000000        0.0004675247        0.0000000000        2.5555650738        0.0000000000        5.3054531522        0.0000000000        2.5365550225        0.0000000000        0.0170295483        0.0000000000        2.5426545481        0.0000000000        2.6770435318        0.0000000000        7.6303700981        0.0000000000       -0.0000605435        0.0000000000       -0.0000000022        0.0000000000       -0.0000605435        0.0000000000       15.2256263277        0.0000000000       -0.0000605435        0.0000000000       -0.0000000022        0.0000000000       -0.0000605435        0.0000000000        7.6303700981        0.0000000000        7.6303095530        0.0000000000       15.2255052407        0.0000000000        7.6303095531        0.0000000000
        0.0102040817   14   14   14        2.6415343610        0.0020001519        2.5495134975        0.0019824140        0.0004675989        0.0000019012        2.5556135310        0.0014445950        5.3055178507        0.0021839854        2.5365420070        0.0017737239        0.0170311489        0.0000495048        2.5426289096        0.0011818093        2.6770334532        0.0012063411        7.6302817801        0.0027989421       -0.0000605465        0.0000002764       -0.0000000022        0.0000000000       -0.0000605465        0.0000002764       15.2256485029        0.0039545523       -0.0000605518        0.0000002805       -0.0000000022        0.0000000000       -0.0000605518        0.0000002805        7.6304183458        0.0027498162        7.6302212321        0.0027989898       15.2255274046        0.0039545447        7.6303577925        0.0027498765
        0.0204081634   14   14   14        2.6415741252        0.0037990375        2.5495634736        0.0036048116        0.0004675364        0.0000036555        2.5556509200        0.0027440032        5.3056266597        0.0043914231        2.5366931168        0.0035079947        0.0170319358        0.0000998815        2.5427624523        0.0023858295        2.6771057470        0.0024113428        7.6306035815        0.0057018959       -0.0000605492        0.0000005601       -0.0000000022        0.0000000000       -0.0000605492        0.0000005601       15.2256311764        0.0077036809       -0.0000605297        0.0000005620       -0.0000000022        0.0000000000       -0.0000605297        0.0000005620        7.6304135245        0.0058491037        7.6305430307        0.0057019970       15.2255100976        0.0077036742        7.6303529933        0.0058492275
        0.0306122450   14   14   14        2.6417299024        0.0058872882        2.5494589194        0.0057811645        0.0004677249        0.0000058604        2.5554618305        0.0042411549        5.3056948209        0.0066868256        2.5365006293        0.0051621069        0.0170347818        0.0001593810        2.5424529247        0.0034166079        2.6769998005        0.0034995457        7.6301848634        0.0084357962       -0.0000605668        0.0000008234       -0.0000000022        0.0000000000       -0.0000605668        0.0000008234       15.2257310306        0.0114612458       -0.0000605829        0.0000008521       -0.0000000022        0.0000000000       -0.0000605829        0.0000008521        7.6301121086        0.0083189098        7.6301242951        0.0084358948       15.2256098809        0.0114612119        7.6300515241        0.0083190167
        0.0408163266   14   14   14        2.6419058353        0.0078792713        2.5496064487        0.0075824935        0.0004677173        0.0000073933        2.5554510419        0.0058485608        5.3055814602        0.0087988361        2.5364479341        0.0070176632        0.0170369358        0.0001990354        2.5424071071        0.0046999128        2.6768992318        0.0047847923        7.6296163345        0.0114788234       -0.0000606083        0.0000011715       -0.0000000022        0.0000000001       -0.0000606083        0.0000011715       15.2252727302        0.0156582636       -0.0000605193        0.0000011223       -0.0000000022        0.0000000001       -0.0000605193        0.0000011223        7.6302548603        0.0112037659        7.6295557247        0.0114790377       15.2251516026        0.0156582053        7.6301943394        0.0112039467
        0.0510204083   14   14   14        2.6419956349        0.0099605472        2.5493606247        0.0096250694        0.0004681237        0.0000091833        2.5552249889        0.0070612320        5.3053899506        0.0106263239        2.5360351468        0.0085355001        0.0170471422        0.0002511717        2.5420343076        0.0057792728        2.6766690585        0.0060014105        7.6305872260        0.0142979435       -0.0000605736        0.0000013789       -0.0000000022        0.0000000001       -0.0000605736        0.0000013789       15.2233622139        0.0195205628       -0.0000605901        0.0000013782       -0.0000000022        0.0000000001       -0.0000605901        0.0000013782        7.6297330317        0.0145359694        7.6305266508        0.0142981863       15.2232410502        0.0195206161        7.6296724401        0.0145362870
        0.0612244899   14   14   14        2.6418448316        0.0116601279        2.5489229920        0.0115315497        0.0004685063        0.0000108457        2.5546941971        0.0085852928        5.3056330052        0.0127636129        2.5365726443        0.0103220183        0.0170533499        0.0002941960        2.5423144953        0.0071252746        2.6769074084        0.0072370483        7.6297348375        0.0175370288       -0.0000605694        0.0000016212       -0.0000000022        0.0000000001       -0.0000605694        0.0000016212       15.2242991673        0.0230244077       -0.0000606157        0.0000016329       -0.0000000022        0.0000000001       -0.0000606157        0.0000016329        7.6299368813        0.0163594466        7.6296742665        0.0175372983       15.2241779823        0.0230242803        7.6298762641        0.0163596551
        0.0714285715   14   14   14        2.6422251517        0.0139618331        2.5496895597        0.0132195594        0.0004680400        0.0000133031        2.5549722980        0.0097317339        5.3054553814        0.0155600576        2.5365671967        0.0128549337        0.0170346295        0.0003528041        2.5422901194        0.0084131152        2.6768125057        0.0086733519        7.6303026318        0.0191713885       -0.0000606638        0.0000019913       -0.0000000022        0.0000000001       -0.0000606638        0.0000019913       15.2234430094        0.0259681873       -0.0000606055        0.0000019823       -0.0000000022        0.0000000001       -0.0000606055        0.0000019823        7.6275737896        0.0208315369        7.6302419665        0.0191716795       15.2233217403        0.0259680168        7.6275131827        0.0208319026
        0.0816326531   14   14   14        2.6418997191        0.0153545257        2.5489191430        0.0147429822        0.0004689648        0.0000151492        2.5542118836        0.0115120008        5.3051878050        0.0176782530        2.5364159673        0.0146984472        0.0170583687        0.0004156899        2.5423984081        0.0093828663        2.6771502459        0.0095404874        7.6304551596        0.0231837236       -0.0000606208        0.0000022502       -0.0000000022        0.0000000001       -0.0000606208        0.0000022502       15.2224478031        0.0318786328       -0.0000605761        0.0000022500       -0.0000000022        0.0000000001       -0.0000605761        0.0000022500        7.6284375576        0.0238504633        7.6303945373        0.0231840900       15.2223266063        0.0318785357        7.6283769800        0.0238509511
        0.0918367348   14   14   14        2.6426406424        0.0175100647        2.5491881686        0.0169347117        0.0004689205        0.0000161553        2.5545120853        0.0126850970        5.3055236640        0.0197695178        2.5360149208        0.0161107588        0.0170584928        0.0004466168        2.5415281392        0.0104831411        2.6763239925        0.0107323976        7.6306458127        0.0263489658       -0.0000606591        0.0000025527       -0.0000000022        0.0000000001       -0.0000606591        0.0000025527       15.2216311580        0.0356332328       -0.0000606965        0.0000025746       -0.0000000022        0.0000000001       -0.0000606965        0.0000025746        7.6275968600        0.0255380154        7.6305851521        0.0263494770       15.2215098025        0.0356330176        7.6275361620        0.0255385835
        0.1020408164   14   14   14        2.6422467199        0.0187264809        2.5485139664        0.0188345153        0.0004683028        0.0000183175        2.5542937087        0.0142247108        5.3058252033        0.0214587274        2.5361141611        0.0173789088        0.0170442587        0.0005021153        2.5414486879        0.0114890484        2.6764221852        0.0117993841        7.6302881430        0.0280757875       -0.0000605772        0.0000028747       -0.0000000022        0.0000000001       -0.0000605772        0.0000028747       15.2218260131        0.0383841963       -0.0000605901        0.0000028473       -0.0000000022        0.0000000001       -0.0000605901        0.0000028473        7.6290028182        0.0296041454        7.6302275642        0.0280762506       15.2217048458        0.0383841501        7.6289422265        0.0296047820
        0.1122448980   14   14   14        2.6415003834        0.0217344330        2.5473266326        0.0208885486        0.0004686262        0.0000208960        2.5526818618        0.0154088673        5.3045576487        0.0238648519        2.5357041443        0.0192315019        0.0170691298        0.0005605378        2.5408089068        0.0126864155        2.6761210026        0.0125912621        7.6272332340        0.0324819942       -0.0000605625        0.0000031677       -0.0000000022        0.0000000002       -0.0000605625        0.0000031677       15.2188191019        0.0415038032       -0.0000606507        0.0000029763       -0.0000000022        0.0000000002       -0.0000606507        0.0000029763        7.6274065437        0.0310182843        7.6271726700        0.0324824869       15.2186978888        0.0415035809        7.6273458915        0.0310188530
        0.1224489797   14   14   14        2.6411322302        0.0227714802        2.5472664977        0.0221418431        0.0004695945        0.0000226114        2.5526359230        0.0167118824        5.3037663680        0.0263662289        2.5357492033        0.0220910804        0.0170863106        0.0006176398        2.5408358327        0.0146634059        2.6757549501        0.0148434720        7.6273293527        0.0334926112       -0.0000606539        0.0000033651       -0.0000000022        0.0000000002       -0.0000606539        0.0000033651       15.2185774656        0.0472017557       -0.0000606746        0.0000033228       -0.0000000022        0.0000000002       -0.0000606746        0.0000033228        7.6256136610        0.0354222848        7.6272686973        0.0334931097       15.2184561372        0.0472014053        7.6255529848        0.0354227107
        0.1326530613   14   14   14        2.6434352700        0.0255717285        2.5486488016        0.0249024245        0.0004703513        0.0000235643        2.5531384281        0.0187913650        5.3049197155        0.0288566053        2.5350114847        0.0236807631        0.0171060217        0.0006398507        2.5402376742        0.0159620840        2.6756471119        0.0158795166        7.6277926621        0.0376766159       -0.0000608333        0.0000037405       -0.0000000022        0.0000000002       -0.0000608333        0.0000037405       15.2184832125        0.0494851874       -0.0000604989        0.0000036143       -0.0000000022        0.0000000002       -0.0000604989        0.0000036143        7.6287226153        0.0371394069        7.6277318272        0.0376772801       15.2183618804        0.0494849762        7.6286621149        0.0371401461
        0.1428571429   14   14   14        2.6421163895        0.0264646644        2.5471676977        0.0261286847        0.0004693076        0.0000263531        2.5518343483        0.0204755560        5.3050468448        0.0313439112        2.5362160652        0.0250525981        0.0170638147        0.0007367306        2.5409937540        0.0163631757        2.6764854098        0.0167437529        7.6254455007        0.0390749863       -0.0000605251        0.0000038975       -0.0000000022        0.0000000002       -0.0000605251        0.0000038975       15.2164542511        0.0528040795       -0.0000607675        0.0000040106       -0.0000000022        0.0000000002       -0.0000607675        0.0000040106        7.6270357374        0.0409143029        7.6253849741        0.0390755875       15.2163329586        0.0528039985        7.6269749684        0.0409149636
        0.1530612246   14   14   14        2.6423703158        0.0295037481        2.5470336877        0.0275257055        0.0004719622        0.0000269901        2.5517234675        0.0209777301        5.3044927653        0.0326361627        2.5349942648        0.0271412912        0.0171348492        0.0007465329        2.5394057278        0.0177392189        2.6753890658        0.0178044313        7.6247420404        0.0421350158       -0.0000609182        0.0000041887       -0.0000000022        0.0000000002       -0.0000609182        0.0000041887       15.2122190298        0.0586576270       -0.0000610530        0.0000042539       -0.0000000022        0.0000000002       -0.0000610530        0.0000042539        7.6245529263        0.0422260252        7.6246811206        0.0421358396       15.2120970586        0.0586577396        7.6244918718        0.0422266626
        0.1632653062   14   14   14        2.6435158801        0.0317159955        2.5456323870        0.0304885088        0.0004732663        0.0000296081        2.5494198674        0.0224468049        5.3046779240        0.0353884667        2.5350673994        0.0277572720        0.0171794009        0.0008159262        2.5392120197        0.0182319163        2.6752048753        0.0188030839        7.6246737844        0.0444628480       -0.0000610945        0.0000044760       -0.0000000022        0.0000000002       -0.0000610945        0.0000044760       15.2138220871        0.0598653989       -0.0000609532        0.0000045116       -0.0000000022        0.0000000002       -0.0000609532        0.0000045116        7.6232001467        0.0442377847        7.6246126884        0.0444636603       15.2137000396        0.0598649431        7.6231391920        0.0442385408
        0.1734693878   14   14   14        2.6456957077        0.0332941004        2.5488396037        0.0322734183        0.0004728214        0.0000319598        2.5511912547        0.0242457169        5.3042489196        0.0378472999        2.5338320747        0.0295154592        0.0171518628        0.0008618326        2.5389665995        0.0200630954        2.6749500581        0.0206169377        7.6250301299        0.0505854529       -0.0000608386        0.0000046821       -0.0000000022        0.0000000003       -0.0000608386        0.0000046821       15.2168944852        0.0649774600       -0.0000607810        0.0000046008       -0.0000000022        0.0000000003       -0.0000607810        0.0000046008        7.6237910535        0.0471012709        7.6249692898        0.0505865766       15.2167728658        0.0649774066        7.6237302710        0.0471018487
        0.1836734695   14   14   14        2.6425277937        0.0352875339        2.5455413457        0.0337580522        0.0004709764        0.0000327415        2.5490929389        0.0254783993        5.3041969361        0.0390295562        2.5356494530        0.0310421406        0.0171286005        0.0008928596        2.5386740624        0.0211251974        2.6748842342        0.0219845021        7.6235600807        0.0508188340       -0.0000604438        0.0000049488       -0.0000000022        0.0000000003       -0.0000604438        0.0000049488       15.2094720721        0.0721750606       -0.0000609502        0.0000049428       -0.0000000022        0.0000000003       -0.0000609502        0.0000049428        7.6241314484        0.0505206720        7.6234996354        0.0508194389       15.2093506782        0.0721750602        7.6240704965        0.0505216924
        0.1938775511   14   14   14        2.6430704690        0.0371612509        2.5458731706        0.0355054806        0.0004735585        0.0000358797        2.5500599763        0.0266196385        5.3044400623        0.0415265907        2.5341734452        0.0341607474        0.0171784339        0.0009968957        2.5381886251        0.0229185292        2.6750068247        0.0227853104        7.6192745716        0.0548712398       -0.0000609504        0.0000051461       -0.0000000022        0.0000000003       -0.0000609504        0.0000051461       15.2095330997        0.0758119845       -0.0000611311        0.0000052799       -0.0000000022        0.0000000003       -0.0000611311        0.0000052799        7.6221917197        0.0536503129        7.6192136196        0.0548722129       15.2094110183        0.0758122135        7.6221305870        0.0536510970
        0.2040816327   14   14   14        2.6417109136        0.0390895900        2.5420227180        0.0388512331        0.0004727951        0.0000366170        2.5467055908        0.0289885415        5.3036272498        0.0442225382        2.5348740052        0.0355493037        0.0171395480        0.0009955823        2.5377471657        0.0237384199        2.6740632222        0.0240622336        7.6189866589        0.0560335054       -0.0000611145        0.0000056638       -0.0000000022        0.0000000003       -0.0000611145        0.0000056638       15.2055744973        0.0798345566       -0.0000608033        0.0000058142       -0.0000000022        0.0000000003       -0.0000608033        0.0000058142        7.6201202602        0.0546828308        7.6189255429        0.0560343791       15.2054525796        0.0798342684        7.6200594553        0.0546838482
        0.2142857143   14   14   14        2.6443572251        0.0409856486        2.5467351829        0.0401630066        0.0004736846        0.0000394456        2.5500893752        0.0297019011        5.3050955599        0.0456977681        2.5350953204        0.0376014916        0.0171730765        0.0010821599        2.5381412619        0.0251956078        2.6743913748        0.0252960982        7.6210823740        0.0623099880       -0.0000605988        0.0000057904       -0.0000000022        0.0000000003       -0.0000605988        0.0000057904       15.2022606108        0.0802888677       -0.0000610846        0.0000059050       -0.0000000022        0.0000000003       -0.0000610846        0.0000059050        7.6194730465        0.0596796806        7.6210217736        0.0623108832       15.2021389275        0.0802886940        7.6194119603        0.0596806278
        0.2244897960   14   14   14        2.6439020784        0.0437366463        2.5446373618        0.0417693282        0.0004759196        0.0000409827        2.5476925535        0.0315094824        5.3044576773        0.0480786969        2.5343716494        0.0390284300        0.0172188049        0.0011309469        2.5370005553        0.0272269890        2.6741614601        0.0270799182        7.6236519036        0.0620522987       -0.0000610426        0.0000060562       -0.0000000023        0.0000000003       -0.0000610426        0.0000060562       15.2017708595        0.0831389502       -0.0000609946        0.0000061002       -0.0000000023        0.0000000003       -0.0000609946        0.0000061002        7.6187692696        0.0634623907        7.6235908594        0.0620531661       15.2016488224        0.0831388563        7.6187082734        0.0634637670
        0.2346938776   14   14   14        2.6449842172        0.0452850720        2.5442754329        0.0460773029        0.0004760553        0.0000424636        2.5464812032        0.0342420613        5.3027838294        0.0508456220        2.5319981197        0.0419273835        0.0172254562        0.0011736434        2.5359839519        0.0280515532        2.6736721445        0.0288007477        7.6187777289        0.0651004047       -0.0000607753        0.0000063778       -0.0000000023        0.0000000003       -0.0000607753        0.0000063778       15.2009280394        0.0852181199       -0.0000616795        0.0000066707       -0.0000000023        0.0000000003       -0.0000616795        0.0000066707        7.6195288273        0.0655841660        7.6187169520        0.0651013203       15.2008055847        0.0852176990        7.6194671462        0.0655852470
        0.2448979592   14   14   14        2.6456232431        0.0477785335        2.5435438184        0.0454729690        0.0004784443        0.0000460145        2.5455645244        0.0346635638        5.3046692378        0.0537234261        2.5336540918        0.0424988568        0.0172491355        0.0012096907        2.5355437190        0.0283455140        2.6732359038        0.0282887641        7.6158271292        0.0702729038       -0.0000611719        0.0000067418       -0.0000000023        0.0000000004       -0.0000611719        0.0000067418       15.1979117482        0.0942662114       -0.0000616217        0.0000069773       -0.0000000023        0.0000000004       -0.0000616217        0.0000069773        7.6185867238        0.0683381220        7.6157659557        0.0702739417       15.1977889548        0.0942657359        7.6185251006        0.0683394294
        0.2551020409   14   14   14        2.6464342096        0.0497745034        2.5437221021        0.0489514494        0.0004786692        0.0000452868        2.5449086465        0.0360953495        5.3066218992        0.0544256107        2.5361560882        0.0455800094        0.0172780008        0.0012352361        2.5362990797        0.0294620154        2.6735894801        0.0295250355        7.6193557727        0.0681971519       -0.0000613862        0.0000070762       -0.0000000023        0.0000000004       -0.0000613862        0.0000070762       15.1987741221        0.0954803227       -0.0000611524        0.0000070827       -0.0000000023        0.0000000004       -0.0000611524        0.0000070827        7.6182640521        0.0738902845        7.6192943849        0.0681984594       15.1986515837        0.0954798331        7.6182028981        0.0738915383
        0.2653061225   14   14   14        2.6461953627        0.0498801976        2.5443685424        0.0495622664        0.0004781362        0.0000481389        2.5452802107        0.0374245095        5.3039488048        0.0565581697        2.5334604647        0.0457878124        0.0172892169        0.0012913385        2.5349435985        0.0295171807        2.6728210058        0.0308873237        7.6157761012        0.0746081975       -0.0000612095        0.0000070443       -0.0000000023        0.0000000004       -0.0000612095        0.0000070443       15.1953194086        0.0964925202       -0.0000611938        0.0000073780       -0.0000000023        0.0000000004       -0.0000611938        0.0000073780        7.6186854452        0.0756763866        7.6157148901        0.0746095393       15.1951970055        0.0964922402        7.6186242498        0.0756772275
        0.2755102041   14   14   14        2.6447151254        0.0522051680        2.5449689315        0.0520821543        0.0004790707        0.0000490928        2.5448094669        0.0393771303        5.3011629615        0.0588419072        2.5320272836        0.0477308430        0.0173000162        0.0013576668        2.5331493070        0.0324817040        2.6721556194        0.0328301904        7.6110053868        0.0778773038       -0.0000612310        0.0000075927       -0.0000000023        0.0000000004       -0.0000612310        0.0000075927       15.1924376177        0.1011925929       -0.0000617280        0.0000076392       -0.0000000023        0.0000000004       -0.0000617280        0.0000076392        7.6134430241        0.0785905479        7.6109441542        0.0778787578       15.1923146589        0.1011921553        7.6133812945        0.0785921853
        0.2857142858   14   14   14        2.6444031598        0.0538989471        2.5421070170        0.0520778618        0.0004809603        0.0000527926        2.5423186607        0.0407978865        5.3009915484        0.0623478681        2.5323834440        0.0499749971        0.0173635618        0.0014294537        2.5335624323        0.0344085328        2.6723081861        0.0339440162        7.6147390865        0.0812450130       -0.0000613897        0.0000079391       -0.0000000023        0.0000000004       -0.0000613897        0.0000079391       15.1850649884        0.1109949258       -0.0000615254        0.0000077666       -0.0000000023        0.0000000004       -0.0000615254        0.0000077666        7.6123420362        0.0803056327        7.6146776952        0.0812464677       15.1849420735        0.1109954303        7.6122805091        0.0803068335
        0.2959183674   14   14   14        2.6426934797        0.0580493021        2.5384582866        0.0564708690        0.0004823094        0.0000535426        2.5388807632        0.0422504862        5.3009475667        0.0647529631        2.5346258826        0.0519330821        0.0173558852        0.0014241207        2.5342882775        0.0344126689        2.6722789267        0.0340427412        7.6080145444        0.0840276576       -0.0000616261        0.0000083548       -0.0000000023        0.0000000004       -0.0000616261        0.0000083548       15.1927503904        0.1148409390       -0.0000615599        0.0000082365       -0.0000000023        0.0000000004       -0.0000615599        0.0000082365        7.6108393006        0.0835352199        7.6079529166        0.0840291603       15.1926272046        0.1148402753        7.6107777391        0.0835369398
        0.3061224490   14   14   14        2.6428806501        0.0587544830        2.5369441408        0.0572134942        0.0004814427        0.0000554812        2.5395138003        0.0441983820        5.3024991757        0.0656847120        2.5334090681        0.0526001082        0.0173546924        0.0014830097        2.5325403290        0.0355494415        2.6710062626        0.0359496501        7.6078938924        0.0825580327       -0.0000612398        0.0000082118       -0.0000000023        0.0000000004       -0.0000612398        0.0000082118       15.1808127997        0.1188714950       -0.0000614164        0.0000087899       -0.0000000023        0.0000000004       -0.0000614164        0.0000087899        7.6121364365        0.0874637093        7.6078326510        0.0825593410       15.1806901437        0.1188712031        7.6120750184        0.0874656092
        0.3163265306   14   14   14        2.6433460554        0.0622894243        2.5393249875        0.0576121934        0.0004854035        0.0000593530        2.5404632822        0.0439775744        5.3020734687        0.0683590339        2.5316157239        0.0548373728        0.0174799062        0.0015837609        2.5313568926        0.0373876493        2.6722466123        0.0384483933        7.6076214783        0.0889861536       -0.0000621296        0.0000088630       -0.0000000023        0.0000000005       -0.0000621296        0.0000088630       15.1823365699        0.1181642288       -0.0000616765        0.0000086710       -0.0000000023        0.0000000005       -0.0000616765        0.0000086710        7.6054306880        0.0874371713        7.6075593470        0.0889877931       15.1822127640        0.1181636136        7.6053690098        0.0874388425
        0.3265306123   14   14   14        2.6429622614        0.0660150995        2.5402703133        0.0628407415        0.0004831857        0.0000611478        2.5394971832        0.0469666128        5.2990122885        0.0721077372        2.5327152504        0.0562816386        0.0173538218        0.0016196362        2.5313418567        0.0372627638        2.6702956919        0.0387771455        7.6075825532        0.0910043520       -0.0000613095        0.0000088509       -0.0000000023        0.0000000005       -0.0000613095        0.0000088509       15.1768429604        0.1252677561       -0.0000618738        0.0000092903       -0.0000000023        0.0000000005       -0.0000618738        0.0000092903        7.6030048439        0.0933225134        7.6075212421        0.0910053812       15.1767197773        0.1252668281        7.6029429684        0.0933239418
        0.3367346939   14   14   14        2.6450418113        0.0619410090        2.5414118699        0.0618262753        0.0004859692        0.0000612531        2.5399073705        0.0445131186        5.3005655324        0.0708603564        2.5318652250        0.0578452309        0.0174753720        0.0016244543        2.5297482227        0.0393105502        2.6698438991        0.0392071696        7.6058801153        0.0925311812       -0.0000617051        0.0000096590       -0.0000000024        0.0000000005       -0.0000617051        0.0000096590       15.1735063376        0.1262784573       -0.0000616377        0.0000091397       -0.0000000024        0.0000000005       -0.0000616377        0.0000091397        7.6084000235        0.0914376919        7.6058184086        0.0925326802       15.1733829950        0.1262786498        7.6083383842        0.0914396316
        0.3469387755   14   14   14        2.6458156669        0.0656785941        2.5423331875        0.0659981443        0.0004862199        0.0000620407        2.5414368663        0.0489255158        5.2998435868        0.0728323732        2.5295243453        0.0596696376        0.0174409719        0.0017159323        2.5285445595        0.0404472217        2.6691558349        0.0407037520        7.6009517805        0.0969136404       -0.0000615888        0.0000094461       -0.0000000024        0.0000000005       -0.0000615888        0.0000094461       15.1727196193        0.1355879060       -0.0000620336        0.0000095820       -0.0000000024        0.0000000005       -0.0000620336        0.0000095820        7.6031002615        0.0952072188        7.6008901900        0.0969153973       15.1725959972        0.1355869385        7.6030382263        0.0952088560
        0.3571428572   14   14   14        2.6456483035        0.0685017618        2.5407490231        0.0647146881        0.0004862684        0.0000670471        2.5384286809        0.0481041796        5.2994503235        0.0783301738        2.5320383481        0.0619597352        0.0174465929        0.0017991691        2.5288015738        0.0424548696        2.6680845341        0.0421077735        7.6052353287        0.1019770051       -0.0000621254        0.0000096691       -0.0000000024        0.0000000005       -0.0000621254        0.0000096691       15.1686226793        0.1358871153       -0.0000614566        0.0000100030       -0.0000000024        0.0000000005       -0.0000614566        0.0000100030        7.5968725178        0.1003661917        7.6051732017        0.1019788552       15.1684990976        0.1358862542        7.5968110596        0.1003675811
        0.3673469388   14   14   14        2.6450569135        0.0701027399        2.5384792467        0.0692535417        0.0004877664        0.0000679190        2.5361933077        0.0515794856        5.2962035612        0.0768234096        2.5279139143        0.0630877757        0.0175261219        0.0018541881        2.5277483208        0.0421661647        2.6684735662        0.0422125574        7.6033472128        0.0985752238       -0.0000617208        0.0000100710       -0.0000000024        0.0000000006       -0.0000617208        0.0000100710       15.1602139471        0.1378860202       -0.0000616258        0.0000102118       -0.0000000024        0.0000000006       -0.0000616258        0.0000102118        7.6027103905        0.1031561780        7.6032854903        0.0985766823       15.1600906007        0.1378854607        7.6026487630        0.1031576330
        0.3775510204   14   14   14        2.6451553320        0.0723696249        2.5364937364        0.0730644076        0.0004896845        0.0000739640        2.5349072662        0.0544343814        5.2977526627        0.0802887620        2.5282507371        0.0639995596        0.0175072008        0.0019102779        2.5265538612        0.0439090445        2.6681962995        0.0439720912        7.5947824176        0.1069716843       -0.0000624033        0.0000109420       -0.0000000024        0.0000000006       -0.0000624033        0.0000109420       15.1560419710        0.1399105277       -0.0000622745        0.0000108969       -0.0000000024        0.0000000006       -0.0000622745        0.0000108969        7.5975300759        0.1009948529        7.5947200126        0.1069735246       15.1559172935        0.1399100513        7.5974677997        0.1009960219
        0.3877551021   14   14   14        2.6447493933        0.0748319200        2.5403769810        0.0725314988        0.0004938295        0.0000736875        2.5384936236        0.0524869533        5.2972137066        0.0850491069        2.5270388870        0.0681033864        0.0175686542        0.0019569609        2.5233289237        0.0465029220        2.6660749952        0.0474852437        7.5933076646        0.1105763603       -0.0000623836        0.0000110915       -0.0000000024        0.0000000006       -0.0000623836        0.0000110915       15.1600220260        0.1452148366       -0.0000626419        0.0000111307       -0.0000000024        0.0000000006       -0.0000626419        0.0000111307        7.5942120429        0.1075131232        7.5932452793        0.1105783299       15.1598970007        0.1452143758        7.5941493993        0.1075148904
        0.3979591837   14   14   14        2.6466467987        0.0760155440        2.5392463939        0.0742461792        0.0004916478        0.0000740473        2.5330892287        0.0544790686        5.2987568216        0.0877519853        2.5327400623        0.0677644522        0.0175313327        0.0019616342        2.5271448328        0.0458727514        2.6684290459        0.0462366155        7.5948824999        0.1085816471       -0.0000622555        0.0000113388       -0.0000000025        0.0000000006       -0.0000622555        0.0000113388       15.1561462819        0.1507705447       -0.0000622922        0.0000116909       -0.0000000025        0.0000000006       -0.0000622922        0.0000116909        7.5974454257        0.1093785478        7.5948202427        0.1085837310       15.1560217345        0.1507702371        7.5973831318        0.1093805712
        0.4081632653   14   14   14        2.6425592918        0.0765713287        2.5359247214        0.0765172580        0.0004931702        0.0000754471        2.5340636842        0.0568308055        5.2959697332        0.0887880594        2.5284901848        0.0715460814        0.0175805990        0.0020050363        2.5232837963        0.0500030823        2.6656980825        0.0504055974        7.5895881487        0.1127448351       -0.0000625649        0.0000114830       -0.0000000024        0.0000000006       -0.0000625649        0.0000114830       15.1483488062        0.1551733674       -0.0000621168        0.0000119464       -0.0000000024        0.0000000006       -0.0000621168        0.0000119464        7.5925484387        0.1157811844        7.5895255821        0.1127468224       15.1482241247        0.1551720466        7.5924863202        0.1157830367
        0.4183673470   14   14   14        2.6446446005        0.0776101595        2.5363391275        0.0771987562        0.0004985446        0.0000812633        2.5329813443        0.0581813081        5.2944327500        0.0884713218        2.5251913970        0.0720104870        0.0177199353        0.0021263657        2.5209355580        0.0496775530        2.6649484095        0.0497072833        7.5911015230        0.1166847879       -0.0000629121        0.0000123331       -0.0000000025        0.0000000007       -0.0000629121        0.0000123331       15.1406055291        0.1580399321       -0.0000626068        0.0000119547       -0.0000000025        0.0000000007       -0.0000626068        0.0000119547        7.5853570660        0.1192087705        7.5910386091        0.1166874270       15.1404800105        0.1580393934        7.5852944574        0.1192106763
        0.4285714286   14   14   14        2.6472920381        0.0812372600        2.5393179613        0.0759673695        0.0004958604        0.0000804347        2.5345235663        0.0564979341        5.2999338306        0.0917088093        2.5296196468        0.0745352528        0.0176581988        0.0021188206        2.5230201146        0.0506052982        2.6670351274        0.0505457494        7.5987460409        0.1174210630       -0.0000619825        0.0000121783       -0.0000000025        0.0000000007       -0.0000619825        0.0000121783       15.1512916391        0.1575962661       -0.0000619713        0.0000116143       -0.0000000025        0.0000000007       -0.0000619713        0.0000116143        7.6018258322        0.1196166618        7.5986840566        0.1174234590       15.1511676856        0.1575961225        7.6017638592        0.1196186624
        0.4387755102   14   14   14        2.6462957675        0.0803706917        2.5414288307        0.0772555479        0.0004975516        0.0000854101        2.5339252689        0.0570456401        5.2926807872        0.0935617104        2.5273558295        0.0750447892        0.0176889353        0.0022560705        2.5242628297        0.0511278898        2.6667848477        0.0517575640        7.5968345910        0.1252167649       -0.0000622936        0.0000121811       -0.0000000025        0.0000000007       -0.0000622936        0.0000121811       15.1408549564        0.1674750486       -0.0000626633        0.0000128129       -0.0000000025        0.0000000007       -0.0000626633        0.0000128129        7.5838934618        0.1234876234        7.5967722958        0.1252189896       15.1407299999        0.1674747920        7.5838307968        0.1234901105
        0.4489795918   14   14   14        2.6460894577        0.0863616467        2.5360750302        0.0830906833        0.0004994995        0.0000857252        2.5302753824        0.0604021276        5.2943494737        0.0986559903        2.5258624087        0.0803521832        0.0177072753        0.0022153940        2.5212633459        0.0530755109        2.6657546755        0.0513032217        7.5911518873        0.1232225920       -0.0000623568        0.0000126320       -0.0000000025        0.0000000007       -0.0000623568        0.0000126320       15.1424530375        0.1712146090       -0.0000622762        0.0000128645       -0.0000000025        0.0000000007       -0.0000622762        0.0000128645        7.5886267179        0.1211045182        7.5910895288        0.1232249263       15.1423284049        0.1712139280        7.5885644399        0.1211062313
        0.4591836735   14   14   14        2.6438723540        0.0873656539        2.5368102085        0.0844526857        0.0005070409        0.0000876438        2.5311125619        0.0631274292        5.2931228033        0.0955729955        2.5269140985        0.0768507702        0.0179470105        0.0023241087        2.5209072930        0.0531074030        2.6653381550        0.0534581263        7.5956388774        0.1293691797       -0.0000626401        0.0000129793       -0.0000000025        0.0000000007       -0.0000626401        0.0000129793       15.1274068312        0.1752436117       -0.0000631076        0.0000131930       -0.0000000025        0.0000000007       -0.0000631076        0.0000131930        7.5886054683        0.1316465185        7.5955762356        0.1293716270       15.1272810839        0.1752428923        7.5885423590        0.1316488537
        0.4693877551   14   14   14        2.6388505434        0.0882393448        2.5324477067        0.0871414122        0.0005048325        0.0000905518        2.5304735805        0.0632639434        5.2932049981        0.0974225017        2.5279117039        0.0797053470        0.0178312882        0.0024398337        2.5204264407        0.0552807459        2.6648426397        0.0555091618        7.5850029938        0.1316796869       -0.0000623351        0.0000127607       -0.0000000025        0.0000000008       -0.0000623351        0.0000127607       15.1252149042        0.1741405985       -0.0000630400        0.0000140822       -0.0000000025        0.0000000008       -0.0000630400        0.0000140822        7.5823397040        0.1309038117        7.5849406569        0.1316820480       15.1250895294        0.1741395899        7.5822766622        0.1309064958
        0.4795918367   14   14   14        2.6448641396        0.0901111148        2.5361088942        0.0881047294        0.0005077343        0.0000958077        2.5290702830        0.0662762832        5.2921423365        0.1016187089        2.5241634019        0.0827481999        0.0178526453        0.0024550384        2.5161842670        0.0573356048        2.6629850145        0.0567970857        7.5867605545        0.1399828094       -0.0000629658        0.0000139913       -0.0000000026        0.0000000008       -0.0000629658        0.0000139913       15.1263238384        0.1810872423       -0.0000633848        0.0000139881       -0.0000000026        0.0000000008       -0.0000633848        0.0000139881        7.5824738851        0.1369940676        7.5866975869        0.1399849951       15.1261974882        0.1810861114        7.5824104985        0.1369966829
        0.4897959184   14   14   14        2.6415810824        0.0875789607        2.5367172927        0.0912251957        0.0005067444        0.0000939951        2.5294484880        0.0648500096        5.2890669623        0.0982829433        2.5236779498        0.0817009714        0.0179325993        0.0024765233        2.5182308947        0.0589694237        2.6657821095        0.0575252636        7.5815719077        0.1409168487       -0.0000628929        0.0000142010       -0.0000000026        0.0000000008       -0.0000628929        0.0000142010       15.1192754968        0.1832383825       -0.0000633416        0.0000147855       -0.0000000026        0.0000000008       -0.0000633416        0.0000147855        7.5731143304        0.1427631065        7.5815090130        0.1409186578       15.1191492627        0.1832380622        7.5730509870        0.1427662617
        0.5000000000   14   14   14        2.6435131474        0.0903830271        2.5381945079        0.0919618474        0.0005062301        0.0000963889        2.5277312138        0.0683952179        5.2920036640        0.1021102854        2.5281280568        0.0836145272        0.0178953333        0.0025280869        2.5195540401        0.0571016033        2.6669504385        0.0572257225        7.5719965884        0.1371870459       -0.0000632983        0.0000143061       -0.0000000026        0.0000000009       -0.0000632983        0.0000143061       15.1204650821        0.1915460505       -0.0000630363        0.0000147084       -0.0000000026        0.0000000009       -0.0000630363        0.0000147084        7.5779412014        0.1454014580        7.5719332882        0.1371890174       15.1203387480        0.1915448326        7.5778781633        0.1454036264
