# ta1 =         1.0000000000 mua =        -0.8001000000 m1 =         1.1001000000 eo1 =         5.0000000000 m2 =         0.7001000000 eo2 =        -0.5000000000 ta2 =         0.5000000000 ta3 =         0.4000000000
# ts =         1.0000000000 mus =        -1.0000000000 ds =         0.0010000000
# tn =         1.0000000000 mun =        -1.0000000000 ev/ds =         0.0000000001
# tna_pz =         0.5000000000 tna_ab =         0.5000000000 tna_px =         0.0000000000 tna_py =         0.0000000000 tna_dxy =         0.0000000000
# tas_pz =         0.5000000000 tas_ab =         0.5000000000 tas_px =         0.0000000000 tas_py =         0.0000000000 tas_dxy =         0.0000000000
# wid =   200 len =    40 wn =    20 wb1 =    10 wb2 =    60 wb3 =    60 wbs =     0 numr =  1000
# rtna_pz/tna_pz, nc1, nc2, nc3, G11_ave, G11_var, G21_ave, G21_var, G31_ave, G31_var, G12_ave, G12_var, G22_ave, G22_var, G32_ave, G32_var, G13_ave, G13_var, G23_ave, G23_var, G33_ave, G33_var
        0.0000000001   14   14   14        4.4060206468        0.0000000000        4.4058838078        0.0000000000        0.0000010364        0.0000000000        4.4058838088        0.0000000000        8.8120500239        0.0000000000        4.4058838088        0.0000000000        0.0000010364        0.0000000000        4.4058838078        0.0000000000        4.4060206469        0.0000000000
        0.0102040817   14   14   14        4.4059380035        0.0025025549        4.4058001829        0.0025025588        0.0000010368        0.0000000066        4.4058001839        0.0025025588        8.8119154623        0.0035831659        4.4058304369        0.0026057467        0.0000010368        0.0000000066        4.4058304359        0.0026057467        4.4059688240        0.0026055091
        0.0204081634   14   14   14        4.4057019285        0.0051766170        4.4055625915        0.0051771026        0.0000010374        0.0000000127        4.4055625924        0.0051771026        8.8114395160        0.0072218074        4.4055880789        0.0050557362        0.0000010374        0.0000000127        4.4055880779        0.0050557363        4.4057291311        0.0050572499
        0.0306122450   14   14   14        4.4059232294        0.0076918686        4.4057800464        0.0076913923        0.0000010395        0.0000000196        4.4057800474        0.0076913923        8.8119273099        0.0111902528        4.4058541801        0.0080159540        0.0000010395        0.0000000196        4.4058541791        0.0080159540        4.4059958210        0.0080147089
        0.0408163266   14   14   14        4.4053465785        0.0101182522        4.4051995205        0.0101202324        0.0000010401        0.0000000268        4.4051995215        0.0101202324        8.8111000850        0.0147564036        4.4055978961        0.0103548872        0.0000010401        0.0000000268        4.4055978952        0.0103548872        4.4057456454        0.0103546703
        0.0510204083   14   14   14        4.4051731699        0.0131913474        4.4050252367        0.0131927965        0.0000010413        0.0000000322        4.4050252377        0.0131927966        8.8110966679        0.0182510301        4.4057661602        0.0128402474        0.0000010413        0.0000000322        4.4057661593        0.0128402474        4.4059157546        0.0128400975
        0.0612244899   14   14   14        4.4053800729        0.0153518998        4.4052217890        0.0153545529        0.0000010425        0.0000000385        4.4052217899        0.0153545530        8.8105558216        0.0216071843        4.4050085719        0.0155785547        0.0000010425        0.0000000385        4.4050085708        0.0155785548        4.4051689454        0.0155825139
        0.0714285715   14   14   14        4.4053054684        0.0185320578        4.4051253118        0.0185225322        0.0000010447        0.0000000447        4.4051253127        0.0185225320        8.8105750585        0.0258341859        4.4051000867        0.0182354538        0.0000010447        0.0000000447        4.4051000857        0.0182354538        4.4052637281        0.0182375698
        0.0816326531   14   14   14        4.4039913765        0.0208362802        4.4038135074        0.0208426015        0.0000010487        0.0000000491        4.4038135085        0.0208426015        8.8096731192        0.0298315322        4.4054856987        0.0200875220        0.0000010487        0.0000000491        4.4054856979        0.0200875220        4.4056768105        0.0200936362
        0.0918367348   14   14   14        4.4042484938        0.0234139307        4.4040566899        0.0234207937        0.0000010521        0.0000000578        4.4040566906        0.0234207936        8.8100150529        0.0328718220        4.4055767168        0.0227151792        0.0000010521        0.0000000578        4.4055767158        0.0227151793        4.4057620327        0.0227073478
        0.1020408164   14   14   14        4.4026828839        0.0267460594        4.4024626213        0.0267470046        0.0000010563        0.0000000654        4.4024626222        0.0267470045        8.8065154474        0.0364117713        4.4036158648        0.0249418060        0.0000010563        0.0000000654        4.4036158639        0.0249418061        4.4038303703        0.0249455994
        0.1122448980   14   14   14        4.4045550355        0.0280483020        4.4043199602        0.0280369693        0.0000010617        0.0000000713        4.4043199614        0.0280369693        8.8081103573        0.0397500063        4.4033238585        0.0272676071        0.0000010617        0.0000000713        4.4033238574        0.0272676071        4.4035545187        0.0272641151
        0.1224489797   14   14   14        4.4062147487        0.0308484964        4.4059683322        0.0308401085        0.0000010632        0.0000000790        4.4059683333        0.0308401084        8.8109860247        0.0425729769        4.4045273252        0.0305636184        0.0000010632        0.0000000790        4.4045273243        0.0305636185        4.4047712897        0.0305625838
        0.1326530613   14   14   14        4.4035872233        0.0331232048        4.4033174553        0.0331270095        0.0000010745        0.0000000864        4.4033174561        0.0331270095        8.8078680039        0.0466749501        4.4040156631        0.0332089583        0.0000010745        0.0000000864        4.4040156620        0.0332089584        4.4042828539        0.0332373206
        0.1428571429   14   14   14        4.4046166131        0.0358093788        4.4042995600        0.0358109407        0.0000010724        0.0000000927        4.4042995609        0.0358109405        8.8082634443        0.0513761952        4.4033521675        0.0362859500        0.0000010724        0.0000000927        4.4033521668        0.0362859502        4.4036521558        0.0362762009
        0.1530612246   14   14   14        4.4044445486        0.0389631448        4.4040783121        0.0388914229        0.0000010770        0.0000000995        4.4040783128        0.0388914228        8.8089075463        0.0546781959        4.4041291498        0.0386100668        0.0000010770        0.0000000995        4.4041291491        0.0386100671        4.4044726772        0.0385723042
        0.1632653062   14   14   14        4.4014414961        0.0394007169        4.4009552382        0.0394511545        0.0000010857        0.0000001052        4.4009552393        0.0394511543        8.8039450140        0.0561767673        4.4021460958        0.0405690991        0.0000010857        0.0000001052        4.4021460948        0.0405690993        4.4025185004        0.0405778411
        0.1734693878   14   14   14        4.4005864377        0.0418395194        4.4001778199        0.0418665104        0.0000010970        0.0000001174        4.4001778208        0.0418665104        8.8030210200        0.0600607079        4.4019098999        0.0440459717        0.0000010970        0.0000001174        4.4019098989        0.0440459717        4.4024553256        0.0440856337
        0.1836734695   14   14   14        4.4029402866        0.0446863008        4.4023372807        0.0447132300        0.0000011055        0.0000001244        4.4023372816        0.0447132298        8.8046351557        0.0626680606        4.4011924920        0.0450204547        0.0000011055        0.0000001244        4.4011924914        0.0450204546        4.4017233067        0.0450025913
        0.1938775511   14   14   14        4.4034151566        0.0479999369        4.4022806634        0.0480873329        0.0000010981        0.0000001698        4.4022806642        0.0480873328        8.8050828121        0.0692782933        4.4003829065        0.0486097591        0.0000010981        0.0000001698        4.4003829059        0.0486097591        4.4017452811        0.0487250832
        0.2040816327   14   14   14        4.4021427131        0.0496120262        4.4012131310        0.0493195769        0.0000011044        0.0000001867        4.4012131318        0.0493195767        8.8031786820        0.0730864765        4.3998858795        0.0515626949        0.0000011044        0.0000001867        4.3998858785        0.0515626955        4.4011069713        0.0523426244
        0.2142857143   14   14   14        4.4025333511        0.0563706965        4.4009661736        0.0554758770        0.0000011211        0.0000002027        4.4009661743        0.0554758767        8.8069261500        0.0795423144        4.4024988110        0.0561390439        0.0000011211        0.0000002027        4.4024988102        0.0561390443        4.4045283249        0.0564105087
        0.2244897960   14   14   14        4.4004488408        0.0542593380        4.3993356368        0.0545156081        0.0000011288        0.0000004852        4.3993356379        0.0545156081        8.8024167721        0.0815310103        4.3994623723        0.0580756257        0.0000011288        0.0000004852        4.3994623710        0.0580756259        4.4021633702        0.0603336038
        0.2346938776   14   14   14        4.4026791575        0.0583639318        4.4008423853        0.0580189399        0.0000011532        0.0000001801        4.4008423865        0.0580189395        8.8057103442        0.0856415505        4.4011317069        0.0605036315        0.0000011532        0.0000001801        4.4011317055        0.0605036316        4.4031801806        0.0597950529
        0.2448979592   14   14   14        4.4003559247        0.0612148540        4.3987230450        0.0612273873        0.0000011546        0.0000001831        4.3987230456        0.0612273871        8.7984499565        0.0852434268        4.3968328170        0.0614190939        0.0000011546        0.0000001831        4.3968328164        0.0614190942        4.3982205527        0.0613767211
        0.2551020409   14   14   14        4.3971586532        0.0630096753        4.3949327232        0.0633191738        0.0000011693        0.0000002034        4.3949327239        0.0633191736        8.7951344874        0.0892370091        4.3950775961        0.0635251917        0.0000011693        0.0000002034        4.3950775950        0.0635251920        4.3982018429        0.0643132337
        0.2653061225   14   14   14        4.3985979591        0.0697476617        4.3950485374        0.0701640334        0.0000011624        0.0000003854        4.3950485383        0.0701640335        8.7940224257        0.1021270621        4.3916286153        0.0699322581        0.0000011624        0.0000003854        4.3916286146        0.0699322582        4.3957396528        0.0729958899
        0.2755102041   14   14   14        4.3984354308        0.0678734300        4.3950922195        0.0679431850        0.0000011755        0.0000002443        4.3950922205        0.0679431849        8.7959230407        0.0932011823        4.3949324694        0.0711089945        0.0000011755        0.0000002443        4.3949324689        0.0711089947        4.3977745242        0.0706861021
        0.2857142858   14   14   14        4.3990869934        0.0710771448        4.3949085436        0.0711597914        0.0000011987        0.0000002619        4.3949085439        0.0711597917        8.7971537330        0.1018256697        4.3951521674        0.0718288462        0.0000011987        0.0000002619        4.3951521665        0.0718288464        4.3983644732        0.0716096187
        0.2959183674   14   14   14        4.3998521379        0.0731509607        4.3965841414        0.0727987125        0.0000012089        0.0000002557        4.3965841427        0.0727987121        8.7979171260        0.1029285907        4.3947150741        0.0776736353        0.0000012089        0.0000002557        4.3947150729        0.0776736353        4.3983723205        0.0751189241
        0.3061224490   14   14   14        4.4019976878        0.0771282827        4.3966034742        0.0787399968        0.0000011931        0.0000006750        4.3966034747        0.0787399965        8.8003871230        0.1091484031        4.3952010715        0.0771308743        0.0000011931        0.0000006750        4.3952010705        0.0771308746        4.3987553783        0.0773035727
        0.3163265306   14   14   14        4.3971378000        0.0801182291        4.3926369558        0.0800163432        0.0000012153        0.0000004545        4.3926369560        0.0800163429        8.7932345863        0.1148295546        4.3913181570        0.0831459783        0.0000012153        0.0000004545        4.3913181559        0.0831459787        4.3965157447        0.0838606491
        0.3265306123   14   14   14        4.3961809763        0.0811575540        4.3905183008        0.0805404294        0.0000012300        0.0000003957        4.3905183014        0.0805404299        8.7926939823        0.1119896715        4.3915536363        0.0787947633        0.0000012300        0.0000003957        4.3915536351        0.0787947638        4.3970157131        0.0797779751
        0.3367346939   14   14   14        4.3922090754        0.0804987335        4.3887538025        0.0809682723        0.0000012660        0.0000002814        4.3887538031        0.0809682719        8.7865618046        0.1187555473        4.3889120569        0.0800975020        0.0000012660        0.0000002814        4.3889120568        0.0800975024        4.3947655862        0.0809012916
        0.3469387755   14   14   14        4.4026734900        0.0871255131        4.3989327389        0.0871246901        0.0000012131        0.0000014716        4.3989327397        0.0871246907        8.7943665583        0.1208002536        4.3846860773        0.0840424151        0.0000012131        0.0000014716        4.3846860770        0.0840424152        4.3922470606        0.0863556170
        0.3571428572   14   14   14        4.3940140326        0.0906257027        4.3873988147        0.0918761562        0.0000012705        0.0000004048        4.3873988148        0.0918761561        8.7857249534        0.1281074061        4.3856729667        0.0905458267        0.0000012705        0.0000004048        4.3856729654        0.0905458263        4.3923335588        0.0932231856
        0.3673469388   14   14   14        4.3905005727        0.0925568792        4.3839266204        0.0919795677        0.0000012775        0.0000005775        4.3839266210        0.0919795668        8.7857149830        0.1300695806        4.3899409474        0.0897499657        0.0000012775        0.0000005775        4.3899409464        0.0897499657        4.3958166445        0.0923241211
        0.3775510204   14   14   14        4.3899827064        0.0950339178        4.3834887771        0.0960161851        0.0000012664        0.0000007542        4.3834887785        0.0960161845        8.7852624714        0.1326987305        4.3864360865        0.0947456931        0.0000012664        0.0000007542        4.3864360862        0.0947456931        4.3960049666        0.0970921896
        0.3877551021   14   14   14        4.3930280045        0.0965056697        4.3828635760        0.0960635873        0.0000012921        0.0000007528        4.3828635769        0.0960635878        8.7830326780        0.1331283003        4.3842279694        0.0950943437        0.0000012921        0.0000007528        4.3842279684        0.0950943447        4.3907871264        0.0958886929
        0.3979591837   14   14   14        4.3925056753        0.0986534415        4.3837219524        0.0965355866        0.0000013319        0.0000004716        4.3837219543        0.0965355860        8.7827412337        0.1353758512        4.3844418489        0.0991682564        0.0000013319        0.0000004716        4.3844418488        0.0991682571        4.3909442938        0.0977267410
        0.4081632653   14   14   14        4.3955587178        0.1057064822        4.3866416383        0.1055214194        0.0000013359        0.0000006622        4.3866416389        0.1055214186        8.7838265035        0.1477526329        4.3806001490        0.1009941336        0.0000013359        0.0000006622        4.3806001487        0.1009941345        4.3891524073        0.1018594711
        0.4183673470   14   14   14        4.3894518857        0.1072383797        4.3790181942        0.1051682407        0.0000012995        0.0000010057        4.3790181942        0.1051682406        8.7812211967        0.1479674458        4.3837618601        0.1055087482        0.0000012995        0.0000010057        4.3837618599        0.1055087486        4.3926349959        0.1056495980
        0.4285714286   14   14   14        4.3901268548        0.1181131401        4.3775836586        0.1151272318        0.0000013088        0.0000015336        4.3775836594        0.1151272321        8.7756850323        0.1620555476        4.3758882704        0.1083424985        0.0000013088        0.0000015336        4.3758882709        0.1083424986        4.3867787566        0.1095908500
        0.4387755102   14   14   14        4.3894253374        0.1095937852        4.3785646860        0.1093206334        0.0000013413        0.0000011901        4.3785646867        0.1093206337        8.7776779814        0.1612872089        4.3754982385        0.1146081626        0.0000013413        0.0000011901        4.3754982379        0.1146081629        4.3894537859        0.1139026892
        0.4489795918   14   14   14        4.3858691966        0.1165010554        4.3749226545        0.1151144557        0.0000005267        0.0000184861        4.3749226559        0.1151144548        8.7773706033        0.1664162843        4.3812810615        0.1192218818        0.0000005267        0.0000184861        4.3812810619        0.1192218820        4.3928167124        0.1167101839
        0.4591836735   14   14   14        4.3839741587        0.1180067603        4.3729526224        0.1196920414        0.0000013223        0.0000034611        4.3729526216        0.1196920406        8.7710753256        0.1653658475        4.3754276396        0.1197308992        0.0000013223        0.0000034611        4.3754276386        0.1197308995        4.3883075009        0.1184255403
        0.4693877551   14   14   14        4.3842266658        0.1217548514        4.3712714532        0.1229554062        0.0000012416        0.0000033175        4.3712714538        0.1229554056        8.7798925490        0.1709820061        4.3824266604        0.1215855741        0.0000012416        0.0000033175        4.3824266602        0.1215855744        4.3973944084        0.1277096390
        0.4795918367   14   14   14        4.3826899628        0.1313941773        4.3633772419        0.1287676791       -0.0000086331        0.0002822560        4.3633772427        0.1287676788        8.7738004666        0.1831417122        4.3762219293        0.1260917149       -0.0000086331        0.0002822560        4.3762219285        0.1260917150        4.3925414786        0.1281104831
        0.4897959184   14   14   14        4.3835017547        0.1221369503        4.3728380366        0.1208530292        0.0000014292        0.0000017437        4.3728380361        0.1208530288        8.7732799929        0.1726585374        4.3765220120        0.1207288166        0.0000014292        0.0000017437        4.3765220108        0.1207288175        4.3912625191        0.1261447579
        0.5000000000   14   14   14        4.3788531283        0.1203586184        4.3667223347        0.1212312642        0.0000013938        0.0000023561        4.3667223355        0.1212312641        8.7549130429        0.1722688127        4.3644002653        0.1215835216        0.0000013938        0.0000023561        4.3644002645        0.1215835211        4.3774043060        0.1235353021
