# ta1 =         1.0000000000 mua =        -0.8001000000 m1 =         1.1001000000 eo1 =         5.0000000000 m2 =         0.7001000000 eo2 =        -0.5000000000 ta2 =         0.5000000000 ta3 =         0.4000000000
# ts =         1.0000000000 mus =        -1.0000000000 ds =         0.0001000000
# tn =         1.0000000000 mun =        -1.0000000000 minev/ds =         0.0000000001 maxev =         1.2000000000
# tna_pz =         0.7000000000 tna_ab =         0.7000000000 tna_px =         0.0000000000 tna_py =         0.0000000000 tna_dxy =         0.0000000000
# rtna_pz =         0.5000000000 rtna_ab =         0.5000000000 rtna_px =         0.0000000000 rtna_py =         0.0000000000 rtna_dxy =         0.0000000000
# tas_pz =         0.7000000000 tas_ab =         0.7000000000 tas_px =         0.0000000000 tas_py =         0.0000000000 tas_dxy =         0.0000000000
# rtas_pz =         0.5000000000 rtas_ab =         0.5000000000 rtas_px =         0.0000000000 rtas_py =         0.0000000000 rtas_dxy =         0.0000000000
# wid =   140 len =    25 wn =    20 wb1 =    10 wb2 =    30 wb3 =    30 wbs =     0 numr =  1000
# ev/ds, nc1, nc2, nc3, G11_ave, G11_var, G21_ave, G21_var, G31_ave, G31_var, G12_ave, G12_var, G22_ave, G22_var, G32_ave, G32_var, G13_ave, G13_var, G23_ave, G23_var, G33_ave, G33_var
        0.0000000001   14   14   14        3.1990898361        0.3661655646        3.1113799054        0.3591409278        0.0000300727        0.0000516474        3.1113799075        0.3591409244        6.4229409563        0.4837791119        3.1661121206        0.3369576129        0.0000300727        0.0000516474        3.1661121195        0.3369576144        3.2453480672        0.3495707951
        0.0121212122   14   14   14        3.1831785977        0.3494297115        3.1285835914        0.3503967511        0.0000389713        0.0000825827        3.1249471201        0.3422996386        6.3936496673        0.4621573925        3.1743373289        0.3320580016        0.0000362543        0.0000481666        3.1759335352        0.3385665511        3.2368973609        0.3401052331
        0.0242424243   14   14   14        3.1823893960        0.3512545993        3.1360761423        0.3520978747        0.0000406388        0.0000516393        3.1272601436        0.3359560400        6.3800419136        0.4561420605        3.1749822286        0.3258195691        0.0000438677        0.0000780514        3.1787061820        0.3382060302        3.2348910621        0.3433102200
        0.0363636365   14   14   14        3.1804621229        0.3504624199        3.1408521156        0.3523667438        0.0000433384        0.0001021652        3.1272610075        0.3286129649        6.3656524724        0.4476685343        3.1751000867        0.3204352894        0.0000443219        0.0000851452        3.1815331198        0.3398268109        3.2314559310        0.3407828123
        0.0484848486   14   14   14        3.1787988528        0.3486219573        3.1441936747        0.3518066272        0.0000465145        0.0000569991        3.1267523432        0.3207875901        6.3508691426        0.4374035766        3.1741813828        0.3099108781        0.0000464543        0.0000737455        3.1828549761        0.3363398401        3.2281402071        0.3402298083
        0.0606060607   14   14   14        3.1805531970        0.3485536621        3.1462152417        0.3506750279        0.0000499039        0.0000766571        3.1241318485        0.3149375560        6.3367304189        0.4245422399        3.1740885768        0.2998830581        0.0000448023        0.0000533524        3.1850534971        0.3307591359        3.2223567243        0.3342259155
        0.0727272728   14   14   14        3.1826143056        0.3485753727        3.1465719859        0.3506997052        0.0000481329        0.0000421177        3.1201524598        0.3116746705        6.3263246929        0.4146039239        3.1707875798        0.2939427571        0.0000457666        0.0000367936        3.1848917121        0.3275729357        3.2194427504        0.3281303747
        0.0848484849   14   14   14        3.1839040940        0.3441147292        3.1480371910        0.3456656511        0.0000481499        0.0000402868        3.1174465838        0.3044047968        6.3175110950        0.4057768282        3.1663365966        0.2902534301        0.0000467729        0.0000474290        3.1826781870        0.3261522714        3.2187012694        0.3254040311
        0.0969696971   14   14   14        3.1870936799        0.3427224954        3.1467031270        0.3424467647        0.0000455513        0.0000321876        3.1131660971        0.3015839891        6.3136979329        0.4016648451        3.1613329867        0.2852354295        0.0000454129        0.0000339141        3.1800402421        0.3236666106        3.2179777381        0.3252231226
        0.1090909092   14   14   14        3.1895529529        0.3392718343        3.1468218725        0.3403336088        0.0000455414        0.0000339158        3.1093699302        0.3002541781        6.3132254727        0.3989300585        3.1570481633        0.2819656656        0.0000444095        0.0000309308        3.1787407337        0.3207955963        3.2190440978        0.3232308514
        0.1212121213   14   14   14        3.1944418874        0.3358987525        3.1464795449        0.3334599425        0.0000454343        0.0000325550        3.1068275143        0.2973948431        6.3192386136        0.3985361964        3.1518643624        0.2831626380        0.0000450182        0.0000337397        3.1754071579        0.3211560571        3.2237286096        0.3246847024
        0.1333333334   14   14   14        3.2046411434        0.3333436399        3.1448549248        0.3305441073        0.0000464859        0.0000497240        3.1040923655        0.2983173482        6.3346514786        0.4036332067        3.1468223565        0.2831253442        0.0000449941        0.0000443425        3.1704612212        0.3180022174        3.2323292507        0.3270242671
        0.1454545455   14   14   14        3.2209202792        0.3362852024        3.1396731608        0.3305843246        0.0000462738        0.0000556638        3.0985343383        0.3022266430        6.3619366240        0.4102084834        3.1418472571        0.2902139375        0.0000434738        0.0000334237        3.1665192758        0.3200773660        3.2455718597        0.3238384159
        0.1575757577   14   14   14        3.2423776043        0.3443072504        3.1326508254        0.3369999167        0.0000447441        0.0000450018        3.0910359460        0.3110288170        6.3977537090        0.4218400335        3.1374952893        0.3013896461        0.0000445774        0.0000431961        3.1616177478        0.3259601760        3.2629077130        0.3233486515
        0.1696969698   14   14   14        3.2651533650        0.3511248839        3.1266999487        0.3426959854        0.0000475740        0.0000550753        3.0839006914        0.3214037089        6.4423938686        0.4342903642        3.1297884171        0.3205303071        0.0000462684        0.0000483621        3.1511521389        0.3344282212        3.2869863319        0.3351636178
        0.1818181819   14   14   14        3.2900327208        0.3553769587        3.1176164716        0.3515604901        0.0000482487        0.0000700951        3.0753751192        0.3364457702        6.4912078918        0.4472121640        3.1203461054        0.3323393899        0.0000477316        0.0000674636        3.1390288197        0.3429958120        3.3107535153        0.3435737614
        0.1939393940   14   14   14        3.3075532115        0.3590830447        3.1139121050        0.3577417934        0.0000437996        0.0001064809        3.0772104442        0.3415440064        6.5420813484        0.4581494602        3.1095815213        0.3428457893        0.0000526556        0.0001656036        3.1244280814        0.3477242714        3.3376488143        0.3553887033
        0.2060606061   14   14   14        3.3316670312        0.3713980064        3.1033565863        0.3631906391        0.0000497071        0.0000724446        3.0734077662        0.3527187023        6.5987852377        0.4794991197        3.1027423955        0.3480499698        0.0000490710        0.0000848273        3.1104350355        0.3503248342        3.3614544703        0.3688081874
        0.2181818183   14   14   14        3.3621186271        0.3919603734        3.0909033388        0.3691424394        0.0000530106        0.0001034548        3.0657591448        0.3708668048        6.6666641103        0.4989212112        3.0912888092        0.3601312772        0.0000479467        0.0000810697        3.0921865212        0.3622501454        3.3946377482        0.3873422286
        0.2303030304   14   14   14        3.3889607059        0.4045166169        3.0835630819        0.3735213979        0.0000562206        0.0001352011        3.0647048000        0.3767807727        6.7187624165        0.5036358298        3.0971042374        0.3647152759        0.0000520608        0.0001147502        3.0925199105        0.3655934992        3.4106901397        0.3945325527
        0.2424242425   14   14   14        3.4161917494        0.4175711934        3.0757789378        0.3906870475        0.0000593553        0.0001348685        3.0643349201        0.3926928409        6.7714981968        0.5051216343        3.1057999523        0.3758997083        0.0000558027        0.0001116901        3.0948046450        0.3710426075        3.4263882157        0.3964482769
        0.2545454546   14   14   14        3.4213227206        0.4024098464        3.0874462492        0.4039734564        0.0000617509        0.0001382950        3.0855160413        0.4030110628        6.8057388287        0.5175893526        3.1148341358        0.3848850559        0.0000649453        0.0001472554        3.1012407015        0.3810072738        3.4428430995        0.4011735124
        0.2666666667   14   14   14        3.4273579386        0.3932057860        3.1095301123        0.4031221839        0.0000725734        0.0001855557        3.1142053890        0.4062144937        6.8390157698        0.5128473818        3.1359636304        0.3947784010        0.0000718551        0.0001789400        3.1165399477        0.3924531553        3.4562584955        0.4022317727
        0.2787878789   14   14   14        3.4339329834        0.4021894257        3.1366161622        0.3887561206        0.0000837779        0.0002234281        3.1479056316        0.3927090362        6.8652599779        0.5213203746        3.1705741443        0.3874491865        0.0000916780        0.0003391939        3.1464813669        0.3879240360        3.4629574500        0.3982717564
        0.2909090910   14   14   14        3.4511970750        0.4136077353        3.1591439040        0.3936207188        0.0000891469        0.0002897389        3.1789879134        0.3914345177        6.9062041230        0.5191448197        3.2140923155        0.3883682953        0.0001235487        0.0006610653        3.1794190249        0.3825991095        3.4663230147        0.3948324141
        0.3030303031   14   14   14        3.4487329556        0.4100499005        3.1886351130        0.3865888891        0.0001171361        0.0003677181        3.2207042331        0.3840252410        6.9366487646        0.5036877930        3.2611418720        0.3798286710        0.0001521666        0.0005171912        3.2106512479        0.3706424589        3.4680832979        0.3932251025
        0.3151515152   14   14   14        3.4543320811        0.4090737195        3.2194818255        0.3920446035        0.0001404741        0.0003580455        3.2602730279        0.3934724981        6.9758467708        0.5052178658        3.2988512509        0.3813047940        0.0001802439        0.0005372982        3.2380936454        0.3814567594        3.4815797849        0.3957096378
        0.3272727273   14   14   14        3.4659211583        0.4118848638        3.2534322120        0.3956208645        0.0001775322        0.0004967702        3.3025492362        0.3954363277        7.0187363979        0.5111384461        3.3412887111        0.3846415532        0.0002151782        0.0007940569        3.2731084473        0.3835312183        3.4981188155        0.3959313876
        0.3393939395   14   14   14        3.4870101229        0.4145093617        3.2830953527        0.3970630017        0.0002040185        0.0006862834        3.3467135002        0.3945957361        7.0876073942        0.5063436675        3.3810861800        0.3839513123        0.0002583547        0.0010079955        3.2964269344        0.3820038022        3.5202184140        0.4002694466
        0.3515151516   14   14   14        3.5210397564        0.4216709444        3.3115976087        0.4029472561        0.0002961454        0.0009519369        3.3848746350        0.3966884501        7.1615387697        0.5001612979        3.4215208839        0.3907285354        0.0003845438        0.0022975733        3.3254934763        0.3901093293        3.5483196764        0.4044049164
        0.3636363637   14   14   14        3.5585235108        0.4279672420        3.3385396802        0.4066879516        0.0009270927        0.0117690760        3.4308733529        0.3988218498        7.2533265387        0.5082784951        3.4601210925        0.3924678368        0.0007881458        0.0103143987        3.3584427452        0.3835798790        3.5926372080        0.4103655931
        0.3757575758   14   14   14        3.5992238508        0.4386724593        3.3533718764        0.4082594001        0.0011615122        0.0116362249        3.4671119379        0.3944908633        7.3556181609        0.5271407975        3.4920651005        0.3907512133        0.0003084509        0.0011103229        3.3795349463        0.3910711758        3.6372312477        0.4204833754
        0.3878787879   14   14   14        3.6470782104        0.4452448629        3.3694521538        0.4101952384        0.0007927544        0.0088678470        3.4998820012        0.4074762806        7.4687399172        0.5418268826        3.5223471252        0.3951748572        0.0010179647        0.0113928687        3.3945320134        0.3999808039        3.6868155771        0.4331020290
        0.4000000001   14   14   14        3.7071001905        0.4554414514        3.3859178816        0.4226982774        0.0009485869        0.0088393458        3.5275655479        0.4147029291        7.5827777322        0.5469356337        3.5560492437        0.3997729712        0.0014477657        0.0152920661        3.4083814808        0.4164050281        3.7417044070        0.4411747841
        0.4121212122   14   14   14        3.7830068392        0.4734916254        3.4076128491        0.4338787372        0.0020024097        0.0147439601        3.5489301839        0.4259794708        7.6942237959        0.5627132744        3.5836307508        0.3936780024        0.0014126104        0.0091264244        3.4314427400        0.4101507172        3.8040238236        0.4544174159
        0.4242424243   14   14   14        3.8434413789        0.4758859619        3.4215317919        0.4394515277        0.0031091743        0.0253917983        3.5717098157        0.4410017131        7.7984817404        0.5609661353        3.6113606613        0.4024921013        0.0014825358        0.0100587991        3.4466039300        0.4148425924        3.8529913480        0.4560189519
        0.4363636364   14   14   14        3.9070842242        0.4868095074        3.4394374279        0.4434019198        0.0025761934        0.0148987233        3.5889412361        0.4392860971        7.9027598436        0.5564163946        3.6297227579        0.4139962891        0.0020181684        0.0140682785        3.4627914995        0.4216499009        3.9261893059        0.4693854093
        0.4484848485   14   14   14        3.9612981999        0.4947064317        3.4574969311        0.4498786106        0.0036354301        0.0238179938        3.6065086761        0.4444532343        7.9908847911        0.5562625413        3.6526996606        0.4198026322        0.0028642697        0.0159627899        3.4761863093        0.4277095243        3.9809486199        0.4848107416
        0.4606060607   14   14   14        4.0195473325        0.5106519436        3.4730186057        0.4553605047        0.0037118812        0.0176485287        3.6315527322        0.4591656639        8.1006994720        0.5653155051        3.6660903347        0.4268183476        0.0049807145        0.0222318964        3.4913569648        0.4365702334        4.0498470478        0.4972577623
        0.4727272728   14   14   14        4.0786640914        0.5139397663        3.4878645102        0.4485161102        0.0048752014        0.0284348490        3.6418404201        0.4633994022        8.1719472990        0.5752618160        3.6836258883        0.4314840362        0.0055103648        0.0243514167        3.5154593445        0.4391927559        4.1053932752        0.4952373538
        0.4848484849   14   14   14        4.1370906204        0.5240984700        3.5112876855        0.4430368134        0.0059875997        0.0252291888        3.6537384280        0.4578470129        8.2490993310        0.5779595232        3.7079224216        0.4443309592        0.0066742774        0.0275674063        3.5371899653        0.4284761202        4.1621693121        0.5112748012
        0.4969696970   14   14   14        4.1809913668        0.5231687294        3.5457197968        0.4501930299        0.0058554096        0.0261724560        3.6805495252        0.4495534155        8.3178601179        0.5781862693        3.7326890302        0.4471920306        0.0075664868        0.0269026073        3.5674275769        0.4349340917        4.2212063162        0.5209501310
        0.5090909091   14   14   14        4.2310407346        0.5196942054        3.5737842148        0.4501266781        0.0070512736        0.0290090502        3.7044198549        0.4734562228        8.3850952813        0.5927254164        3.7491226027        0.4546149309        0.0081249679        0.0303544010        3.5920652937        0.4392350938        4.2741475830        0.5283173922
        0.5212121213   14   14   14        4.2836839235        0.5351339345        3.6066873313        0.4388119643        0.0090543115        0.0298356120        3.7234373340        0.4678995905        8.4430408122        0.6130667428        3.7716715186        0.4617399181        0.0110459647        0.0343482626        3.6217636475        0.4442547455        4.3164484630        0.5345210358
        0.5333333334   14   14   14        4.3326738217        0.5460970888        3.6321473486        0.4402782217        0.0114546408        0.0330870842        3.7358857659        0.4720977605        8.4892359578        0.6338818198        3.7822167058        0.4632899653        0.0142216520        0.0441671810        3.6510151712        0.4516456301        4.3604753775        0.5549514513
        0.5454545455   14   14   14        4.3815843392        0.5494751684        3.6702058454        0.4536808407        0.0166639403        0.0452924282        3.7626214457        0.4622898082        8.5480643080        0.6315928778        3.7979924284        0.4709202257        0.0158360316        0.0453258451        3.6812563540        0.4612585392        4.4229710825        0.5521844456
        0.5575757576   14   14   14        4.4206891698        0.5617797238        3.6991578928        0.4638241526        0.0182822552        0.0434627101        3.7783232517        0.4627569687        8.6043184426        0.6251996619        3.8069903979        0.4766890718        0.0202803381        0.0505985180        3.7056098720        0.4655842981        4.4910326557        0.5598582225
        0.5696969697   14   14   14        4.4671903888        0.5628533661        3.7195454574        0.4806976909        0.0212786722        0.0459783874        3.7879037186        0.4656852586        8.6445345463        0.6336937896        3.8371297858        0.4707113800        0.0228626171        0.0509267766        3.7402625859        0.4764494834        4.5162422205        0.5641368544
        0.5818181819   14   14   14        4.5197188141        0.5664511922        3.7504559017        0.4805998062        0.0274877238        0.0557916865        3.8028597620        0.4829610731        8.6941476974        0.6408970085        3.8547282123        0.4791993432        0.0260417595        0.0539489015        3.7800711321        0.4729759109        4.5597605783        0.5813722522
        0.5939393940   14   14   14        4.5539667248        0.5762892642        3.7690014928        0.4882499614        0.0335682937        0.0598915617        3.8343026025        0.4924463483        8.7688493837        0.6507683427        3.8747291948        0.4853191767        0.0347934415        0.0639406593        3.8159961820        0.4733624652        4.5980467859        0.5795369151
        0.6060606061   14   14   14        4.6203640574        0.5863874232        3.7984927103        0.4858040596        0.0413304882        0.0670504325        3.8494334084        0.4969174227        8.8306942905        0.6756208589        3.8785260292        0.4968984200        0.0424458585        0.0710935474        3.8371822056        0.4860945046        4.6426947169        0.5888687275
        0.6181818182   14   14   14        4.6663896514        0.5696990546        3.8295823614        0.4887719147        0.0487890766        0.0728794696        3.8683615603        0.5025209758        8.8868140664        0.6919303344        3.8841177463        0.4993418101        0.0470334280        0.0713914667        3.8504633118        0.4922594164        4.6805265543        0.6109614542
        0.6303030304   14   14   14        4.7235612864        0.5767883692        3.8446482908        0.4977360488        0.0593453542        0.0808834057        3.8764482988        0.5080047616        8.9659392847        0.6768703580        3.9035010595        0.5070312010        0.0559745743        0.0767037163        3.8701216683        0.4987153105        4.7245776059        0.6042076807
        0.6424242425   14   14   14        4.7529180511        0.5816485515        3.8641060536        0.4976897634        0.0705192905        0.0835559479        3.9034186131        0.5134968099        9.0744185879        0.6709588045        3.9370640327        0.5080861804        0.0698124325        0.0812248533        3.8929166586        0.5178352667        4.7694517733        0.5962874141
        0.6545454546   14   14   14        4.8036617409        0.5894013265        3.8806256727        0.5007920422        0.0816207453        0.0854917678        3.9326443622        0.5158497431        9.2148462192        0.6810857008        3.9733431945        0.5239530374        0.0827105687        0.0855560769        3.9025488289        0.5192545886        4.8130197313        0.6044247398
        0.6666666667   14   14   14        4.8615225427        0.5924440754        3.9024580810        0.5114849596        0.0881784323        0.0820416219        3.9613340625        0.5195639359        9.3359971182        0.7022600222        4.0117239293        0.5258310952        0.0917895020        0.0858336236        3.9382998392        0.5311382418        4.8602852839        0.6082833400
        0.6787878788   14   14   14        4.9184794405        0.5977088900        3.9381432622        0.5187164086        0.0937756606        0.0795955627        3.9935204657        0.5297747142        9.4354061064        0.7211020045        4.0385337317        0.5342761760        0.0962631686        0.0815380783        3.9819703228        0.5344273560        4.9193356269        0.6018163812
        0.6909090910   14   14   14        4.9755462222        0.5997217388        3.9881516666        0.5290080106        0.0966019882        0.0797906742        4.0310664304        0.5286021374        9.5140392434        0.7291722842        4.0748072048        0.5209102922        0.1001923271        0.0793120224        4.0304363110        0.5369014106        4.9806607974        0.6087363290
        0.7030303031   14   14   14        5.0274849648        0.6018647467        4.0456914447        0.5337261488        0.0980660086        0.0760378407        4.0725428155        0.5318938457        9.5772606188        0.7310309326        4.1099401141        0.5200485588        0.1011119943        0.0780693069        4.0801386874        0.5374981237        5.0391538374        0.6095944106
        0.7151515152   14   14   14        5.0821504886        0.6046311166        4.1091176710        0.5302750399        0.0989989151        0.0756334241        4.1114320106        0.5406863384        9.6210389090        0.7391390656        4.1411704832        0.5257724109        0.1010854253        0.0766742781        4.1237203495        0.5314044386        5.0872286731        0.6149592595
        0.7272727273   14   14   14        5.1368765762        0.5967349981        4.1488979464        0.5299680485        0.1016053051        0.0758116585        4.1395669581        0.5451782224        9.6635489561        0.7420758491        4.1736088060        0.5316644820        0.0992635869        0.0727047441        4.1696995686        0.5282913241        5.1344005271        0.6235396231
        0.7393939394   14   14   14        5.1756544453        0.6272024250        4.1626946503        0.5277499455        0.1049889354        0.0771375617        4.1569152752        0.5398416654        9.7034974249        0.7411155425        4.1935710426        0.5313603055        0.1006314278        0.0719284406        4.1893525155        0.5360880569        5.1724703798        0.6393435844
        0.7515151516   14   14   14        5.2133080332        0.6351624687        4.1686029780        0.5350829198        0.1073292319        0.0767756177        4.1652192870        0.5378751800        9.7455862458        0.7536986775        4.1977442147        0.5298340429        0.1033674546        0.0732961926        4.1917344306        0.5458322185        5.2204993201        0.6432059136
        0.7636363637   14   14   14        5.2554465061        0.6382133166        4.1754964208        0.5377213956        0.1107426946        0.0771811675        4.1647477711        0.5425911413        9.7977562746        0.7547692139        4.2015544436        0.5292122759        0.1067208038        0.0749069656        4.1902677489        0.5489415645        5.2764917084        0.6611811850
        0.7757575758   14   14   14        5.3024089241        0.6303388533        4.1799065786        0.5339261302        0.1144487917        0.0767466369        4.1804248439        0.5330084587        9.8822051490        0.7465426483        4.2246136656        0.5252408963        0.1113418829        0.0773981181        4.1904058649        0.5399202980        5.3097768583        0.6526058151
        0.7878787879   14   14   14        5.3591664723        0.6337819391        4.1812997494        0.5264297500        0.1168135038        0.0763410891        4.2052879730        0.5238639791        9.9960006779        0.7429255232        4.2506948744        0.5233127292        0.1164668742        0.0800996588        4.1935964113        0.5254308448        5.3584001928        0.6471460176
        0.8000000000   14   14   14        5.4195591833        0.6396585384        4.2075769850        0.5250962619        0.1165214329        0.0746528525        4.2383965760        0.5169840746       10.1156919256        0.7234070074        4.2876652136        0.5089490748        0.1194086576        0.0788010444        4.2072995472        0.5049681887        5.4049915790        0.6507043543
        0.8121212122   14   14   14        5.4927189664        0.6397662747        4.2467331195        0.5207453499        0.1150380776        0.0739873476        4.2824274238        0.5130165693       10.2534687381        0.7175232431        4.3256256196        0.5093395504        0.1186626270        0.0773406669        4.2298858924        0.4885748732        5.4678763266        0.6539916680
        0.8242424243   14   14   14        5.5508673984        0.6500919851        4.2929141723        0.5079503224        0.1142468301        0.0720354059        4.3349810348        0.5072772144       10.3816732694        0.7180655665        4.3640433193        0.5100795475        0.1154645987        0.0752708533        4.2685235223        0.4892139669        5.5316334936        0.6446373282
        0.8363636364   14   14   14        5.6055025131        0.6588851146        4.3449143566        0.4953551290        0.1116703850        0.0735638885        4.3909134419        0.5098169177       10.5147831961        0.7052811571        4.4121277541        0.5102708477        0.1144104110        0.0760856308        4.3163118032        0.4922946141        5.5819106454        0.6380770535
        0.8484848485   14   14   14        5.6445935164        0.6277660101        4.4104842119        0.4895571665        0.1095133338        0.0726500754        4.4608896031        0.5093425054       10.6515774499        0.6996768025        4.4751675895        0.5060930775        0.1132482841        0.0754542601        4.3759000263        0.4943607491        5.6224918314        0.6369755973
        0.8606060606   14   14   14        5.6776876393        0.6180290841        4.4804772248        0.4914670702        0.1085341061        0.0740659659        4.5353121485        0.5018252272       10.7728307514        0.6915243902        4.5483557174        0.5089936659        0.1121300530        0.0765424085        4.4402720240        0.4932096090        5.6489773371        0.6155216954
        0.8727272728   14   14   14        5.7142624950        0.6208021012        4.5331630385        0.4918947286        0.1089956074        0.0743038439        4.6004203617        0.4925053149       10.8897469340        0.6848825159        4.6095760343        0.5151131363        0.1103415274        0.0760510369        4.5032945129        0.4919911536        5.7018333751        0.6300661853
        0.8848484849   14   14   14        5.7521209065        0.6223822674        4.5826014033        0.4929423112        0.1083094730        0.0742432441        4.6555747197        0.4836577496       10.9931468720        0.6698504319        4.6609573677        0.5129299688        0.1082946353        0.0778501791        4.5622554031        0.4868350164        5.7599329382        0.6288065112
        0.8969696970   14   14   14        5.7799171286        0.6449184883        4.6248465001        0.4896285297        0.1080140485        0.0716998743        4.7095035990        0.4824081247       11.0819696380        0.6624410077        4.7343836477        0.4901930836        0.1069902390        0.0757041537        4.6223940718        0.4914646158        5.7895244369        0.6218915075
        0.9090909091   14   14   14        5.7949402203        0.6167270650        4.6608872086        0.5054278065        0.1102161286        0.0733226917        4.7622543998        0.4786636603       11.1281955746        0.6753880240        4.7888275437        0.4892546828        0.1100603614        0.0745881342        4.6658943504        0.5015416881        5.8054897758        0.6315374327
        0.9212121212   14   14   14        5.8009064269        0.6255708327        4.6951091660        0.5015215668        0.1069946040        0.0744164123        4.8103277325        0.4673301526       11.1396270946        0.6892059742        4.8320251269        0.4813999313        0.1098995827        0.0708142451        4.7040440276        0.4815471357        5.8205704303        0.6322138653
        0.9333333334   14   14   14        5.7970373884        0.6301025729        4.7345882428        0.5073854254        0.1045595062        0.0719554739        4.8599720327        0.4706246243       11.1294964710        0.6796667467        4.8635868606        0.4687124310        0.1059798161        0.0714517902        4.7487491698        0.4812633025        5.8319495804        0.6273483383
        0.9454545455   14   14   14        5.7925371832        0.6211652115        4.7607614325        0.5113439304        0.0984758858        0.0708400964        4.8826917533        0.4633173405       11.1130417758        0.6889127226        4.8884170752        0.4572479415        0.1010461857        0.0716367778        4.7764829455        0.4822206524        5.8247785617        0.6061538911
        0.9575757576   14   14   14        5.8036066784        0.6309771206        4.7870412875        0.5001028047        0.0879374777        0.0680586156        4.9080222376        0.4690849005       11.1086483840        0.6792465840        4.9061249713        0.4672882014        0.0955124705        0.0677412927        4.8056311795        0.4907383060        5.8440890189        0.6137057005
        0.9696969697   14   14   14        5.8467462751        0.6062101416        4.8146094544        0.4806166441        0.0813740875        0.0643206893        4.8982573775        0.4786924995       11.1006922098        0.6732493925        4.9117231736        0.4625102365        0.0845016707        0.0689998461        4.8171269008        0.4867497432        5.8663860568        0.5991745375
        0.9818181818   14   14   14        5.9155519486        0.6122736150        4.8540794680        0.4812133361        0.0723664175        0.0680624320        4.8892969357        0.4845844492       11.1238667511        0.6734989664        4.9086008060        0.4733215030        0.0769440825        0.0692454840        4.8359053746        0.4911685286        5.9450513816        0.6023445329
        0.9939393940   14   14   14        5.9912518010        0.6207483147        4.8180701377        0.4890874103        0.0766272971        0.0770936535        4.8086416877        0.4778990234       11.1346219892        0.6755449345        4.8518370356        0.4877385319        0.0750566918        0.0759571645        4.8302513545        0.4833189358        5.9710169783        0.5959960996
        1.0060606061   14   14   14        8.9725765343        0.5138992195        2.8570404107        0.2535297828        0.0008133228        0.0004714255        2.8470699856        0.2542767545       15.2728723751        0.5343535594        2.8630462418        0.2579773932        0.0008118585        0.0004889337        2.8748963996        0.2617809615        8.9928395124        0.5183825743
        1.0181818182   14   14   14        9.4907251457        0.4923832897        2.2522539026        0.1884101210        0.0002113568        0.0001195538        2.2462279163        0.1895699926       15.9776910774        0.5082297655        2.2589530095        0.1913069579        0.0002114690        0.0001205527        2.2659375982        0.1927909097        9.5085338801        0.4929476304
        1.0303030303   14   14   14        9.6873443124        0.4840201816        1.9476191392        0.1578241715        0.0001001502        0.0000564812        1.9434154945        0.1589336662       16.2421406048        0.5020612542        1.9545272387        0.1600124592        0.0001003804        0.0000564254        1.9593770681        0.1608099681        9.7038537598        0.4829459665
        1.0424242424   14   14   14        9.7968226187        0.4792463240        1.7417387328        0.1383461221        0.0000590080        0.0000331174        1.7386049463        0.1393564898       16.3860632316        0.5003122313        1.7486374552        0.1401007489        0.0000592121        0.0000329602        1.7522699510        0.1405845996        9.8126806584        0.4774911689
        1.0545454546   14   14   14        9.8671873021        0.4760442754        1.5866566539        0.1243322670        0.0000391578        0.0000218429        1.5842215959        0.1252449074       16.4757545939        0.5000636996        1.5934447032        0.1257862494        0.0000393221        0.0000217070        1.5962944671        0.1261005611        9.8827293554        0.4740000005
        1.0666666667   14   14   14        9.9160499774        0.4736790892        1.4628326152        0.1135356828        0.0000280198        0.0000155373        1.4608843281        0.1143615504       16.5356912625        0.5003878296        1.4694619628        0.1147659690        0.0000281502        0.0000154332        1.4717706479        0.1149797220        9.9314625182        0.4715219452
        1.0787878788   14   14   14        9.9516653817        0.4718135772        1.3602700785        0.1048417414        0.0000211169        0.0000116525        1.3586758805        0.1055925401       16.5773912749        0.5009221022        1.3667188473        0.1058978467        0.0000212208        0.0000115740        1.3686341776        0.1060481789        9.9670571976        0.4696274606
        1.0909090909   14   14   14        9.9784922945        0.4702713085        1.2731313277        0.0976198875        0.0000165240        0.0000090882        1.2718047764        0.0983063899       16.6070946992        0.5015104023        1.2793914672        0.0985359874        0.0000166080        0.0000090283        1.2810110518        0.0986447154        9.9939299422        0.4680964970
        1.1030303030   14   14   14        9.9991816473        0.4689508539        1.1977018052        0.0914815741        0.0000133017        0.0000073055        1.1965817874        0.0921126432       16.6285052913        0.5020823862        1.2037724420        0.0922825338        0.0000133702        0.0000072589        1.2051625910        0.0923629665       10.0147053057        0.4668065649
        1.1151515152   14   14   14       10.0154159981        0.4677904637        1.1314622573        0.0861707956        0.0000109455        0.0000060151        1.1305053458        0.0867539122       16.6439757688        0.5026075250        1.1373465950        0.0868753801        0.0000110021        0.0000059781        1.1385548843        0.0869361178       10.0310505353        0.4656847758
        1.1272727273   14   14   14       10.0283205111        0.4667504095        1.0726244508        0.0815108410        0.0000091649        0.0000050502        1.0717986327        0.0820522259       16.6550744120        0.5030741193        1.0783278626        0.0821336387        0.0000092122        0.0000050204        1.0793892937        0.0821803999       10.0440808929        0.4646856437
        1.1393939394   14   14   14       10.0386777501        0.4658040930        1.0198717501        0.0773748948        0.0000077825        0.0000043095        1.0191528736        0.0778797339       16.6628878164        0.5034797578        1.0254007226        0.0779275133        0.0000078225        0.0000042850        1.0263416900        0.0779642040       10.0545725132        0.4637795747
        1.1515151515   14   14   14       10.0470495752        0.4649330735        0.9722061072        0.0736690705        0.0000066851        0.0000037281        0.9715755911        0.0741417084       16.6681922085        0.5038265468        0.9775676245        0.0741609203        0.0000067191        0.0000037077        0.9784084483        0.0741902685       10.0630830091        0.4629466244
        1.1636363636   14   14   14       10.0538500261        0.4641241683        0.9288526976        0.0703220445        0.0000057971        0.0000032633        0.9282960080        0.0707661428       16.6715560577        0.5041186686        0.9340538787        0.0707608728        0.0000058264        0.0000032461        0.9348104835        0.0707848192       10.0700235813        0.4621729243
        1.1757575758   14   14   14       10.0593908964        0.4633676908        0.8891978895        0.0672784429        0.0000050669        0.0000028856        0.8887034888        0.0676971071       16.6734043302        0.5043611118        0.8942457752        0.0676707101        0.0000050923        0.0000028711        0.8949308295        0.0676906573       10.0757041241        0.4614485535
        1.1878787879   14   14   14       10.0639115099        0.4626563411        0.8527474507        0.0644944687        0.0000044580        0.0000025746        0.8523060540        0.0648903496       16.6740604807        0.5045590025        0.8576488759        0.0648456215        0.0000044801        0.0000025621        0.8582725900        0.0648625961       10.0803626198        0.4607662313
        1.2000000000   14   14   14       10.0675977274        0.4619844886        0.8190974112        0.0619349213        0.0000039439        0.0000023152        0.8187014903        0.0623102950       16.6737732649        0.5047173019        0.8238589506        0.0622495936        0.0000039633        0.0000023046        0.8244296633        0.0622643560       10.0841842086        0.4601204563
