# ta1 =         1.0000000000 mua =        -0.8001000000 m1 =         1.1001000000 eo1 =         5.0000000000 m2 =         0.7001000000 eo2 =        -0.5000000000 ta2 =         0.5000000000 ta3 =         0.4000000000
# ts =         1.0000000000 mus =        -1.0000000000 ds =         0.0010000000
# tn =         1.0000000000 mun =        -1.0000000000 ev/ds =         0.0000000001
# tna_pz =         0.5000000000 tna_ab =         0.5000000000 tna_px =         0.5000000000 tna_py =         0.5000000000 tna_dxy =         0.5000000000
# tas_pz =         0.2500000000 tas_ab =         0.2500000000 tas_px =         0.2500000000 tas_py =         0.2500000000 tas_dxy =         0.2500000000
# wid =   200 len =    40 wn =    20 wb1 =    10 wb2 =    60 wb3 =    60 wbs =     0 numr =  1000
# rtna_pz/tna_pz, nc1, nc2, nc3, G11_ave, G11_var, G21_ave, G21_var, G31_ave, G31_var, G12_ave, G12_var, G22_ave, G22_var, G32_ave, G32_var, G13_ave, G13_var, G23_ave, G23_var, G33_ave, G33_var
        0.0000000001   14   14   14        3.0412142332        0.0000000000        2.8717539872        0.0000000000        0.0030030984        0.0000000000        2.8717540385        0.0000000000        6.0523901814        0.0000000000        2.8717540383        0.0000000000        0.0030030985        0.0000000000        2.8717539869        0.0000000000        3.0412142330        0.0000000000
        0.0102040817   14   14   14        3.0412177652        0.0029746726        2.8717109913        0.0028762107        0.0030004306        0.0001006558        2.8717110426        0.0028762107        6.0524742754        0.0041998730        2.8718075097        0.0028756627        0.0030004306        0.0001006558        2.8718074583        0.0028756627        3.0413150564        0.0030238059
        0.0204081634   14   14   14        3.0413302945        0.0059773885        2.8717396751        0.0056769992        0.0030191250        0.0002092901        2.8717397265        0.0056769992        6.0523860282        0.0087212823        2.8715977218        0.0056261639        0.0030191250        0.0002092901        2.8715976704        0.0056261639        3.0412672721        0.0058906880
        0.0306122450   14   14   14        3.0408362916        0.0085946116        2.8710732588        0.0085137657        0.0030217795        0.0002889693        2.8710733101        0.0085137656        6.0519389256        0.0125604457        2.8714514173        0.0083100656        0.0030217795        0.0002889693        2.8714513659        0.0083100656        3.0413776311        0.0089364870
        0.0408163266   14   14   14        3.0412665367        0.0117715328        2.8713398242        0.0115659674        0.0030040645        0.0004021339        2.8713398755        0.0115659673        6.0523200743        0.0172364102        2.8715826481        0.0115958241        0.0030040645        0.0004021339        2.8715825968        0.0115958242        3.0414290749        0.0122295991
        0.0510204083   14   14   14        3.0415137266        0.0148307546        2.8714962576        0.0139790294        0.0030335340        0.0005036076        2.8714963089        0.0139790294        6.0521746742        0.0214158126        2.8712596387        0.0139765771        0.0030335341        0.0005036076        2.8712595874        0.0139765772        3.0412750449        0.0147852487
        0.0612244899   14   14   14        3.0417324122        0.0177459435        2.8714324117        0.0173180062        0.0030530793        0.0006272972        2.8714324630        0.0173180061        6.0520372572        0.0253397912        2.8703019167        0.0168138315        0.0030530793        0.0006272972        2.8703018654        0.0168138316        3.0413081293        0.0174800740
        0.0714285715   14   14   14        3.0415578718        0.0207030393        2.8701990522        0.0194686147        0.0030252769        0.0007252173        2.8701991034        0.0194686147        6.0521637125        0.0301036267        2.8699749779        0.0197834707        0.0030252769        0.0007252173        2.8699749266        0.0197834707        3.0412066989        0.0205704406
        0.0816326531   14   14   14        3.0413474265        0.0242601646        2.8696692890        0.0230132633        0.0031121452        0.0008310641        2.8696693401        0.0230132633        6.0514347342        0.0353402573        2.8693284808        0.0235547320        0.0031121452        0.0008310641        2.8693284296        0.0235547320        3.0418810920        0.0245647049
        0.0918367348   14   14   14        3.0420742460        0.0264391590        2.8697390317        0.0256835560        0.0030534822        0.0009112054        2.8697390829        0.0256835559        6.0510979959        0.0389404791        2.8689751930        0.0261957638        0.0030534822        0.0009112054        2.8689751417        0.0261957639        3.0405293980        0.0277591372
        0.1020408164   14   14   14        3.0414987989        0.0302097266        2.8688281246        0.0292189529        0.0030695308        0.0010054490        2.8688281755        0.0292189529        6.0503264530        0.0415716882        2.8682217548        0.0277957762        0.0030695308        0.0010054490        2.8682217038        0.0277957762        3.0407220251        0.0296627884
        0.1122448980   14   14   14        3.0415822245        0.0328126957        2.8680602433        0.0316932082        0.0031339179        0.0010952139        2.8680602944        0.0316932082        6.0514995419        0.0456569235        2.8689263901        0.0307003526        0.0031339179        0.0010952139        2.8689263388        0.0307003526        3.0428889391        0.0318037699
        0.1224489797   14   14   14        3.0425760485        0.0351100759        2.8683610978        0.0340567148        0.0031228633        0.0012284949        2.8683611489        0.0340567147        6.0496858666        0.0504929834        2.8670330364        0.0326130045        0.0031228633        0.0012284949        2.8670329851        0.0326130049        3.0407417613        0.0340005159
        0.1326530613   14   14   14        3.0435444975        0.0390752103        2.8678130575        0.0380860364        0.0031762981        0.0013666805        2.8678131085        0.0380860361        6.0519742310        0.0577132198        2.8673736052        0.0375667634        0.0031762981        0.0013666805        2.8673735540        0.0375667637        3.0422299115        0.0391143031
        0.1428571429   14   14   14        3.0454513716        0.0398367412        2.8689155474        0.0393879017        0.0031980277        0.0014571655        2.8689155984        0.0393879014        6.0542784960        0.0590599190        2.8670728903        0.0403926670        0.0031980277        0.0014571655        2.8670728398        0.0403926673        3.0432688246        0.0421445376
        0.1530612246   14   14   14        3.0435124965        0.0420568736        2.8658359705        0.0403960526        0.0032484246        0.0015428721        2.8658360210        0.0403960524        6.0466193042        0.0629518836        2.8603682886        0.0421575165        0.0032484246        0.0015428721        2.8603682376        0.0421575169        3.0380369271        0.0445580855
        0.1632653062   14   14   14        3.0406597259        0.0461506264        2.8630439737        0.0440802446        0.0032615207        0.0016789276        2.8630440245        0.0440802443        6.0457428122        0.0663403390        2.8630497051        0.0446553300        0.0032615208        0.0016789276        2.8630496540        0.0446553301        3.0416594806        0.0457195114
        0.1734693878   14   14   14        3.0442005573        0.0518412535        2.8652696167        0.0491310164        0.0033376080        0.0018369853        2.8652696674        0.0491310162        6.0537577621        0.0736167958        2.8650920178        0.0496106267        0.0033376081        0.0018369853        2.8650919671        0.0496106271        3.0468864500        0.0521521079
        0.1836734695   14   14   14        3.0440238417        0.0521620745        2.8644703775        0.0493609823        0.0033954769        0.0019078285        2.8644704281        0.0493609818        6.0458325225        0.0768868805        2.8593199489        0.0515871159        0.0033954770        0.0019078285        2.8593198982        0.0515871161        3.0400237703        0.0537340188
        0.1938775511   14   14   14        3.0441088945        0.0547692335        2.8616296276        0.0529557084        0.0034632463        0.0019774640        2.8616296778        0.0529557077        6.0494407999        0.0771380326        2.8604797532        0.0534887265        0.0034632463        0.0019774640        2.8604797027        0.0534887270        3.0437679624        0.0554540767
        0.2040816327   14   14   14        3.0431767499        0.0585506677        2.8607330638        0.0562213091        0.0033275000        0.0021440429        2.8607331143        0.0562213085        6.0451696774        0.0833885289        2.8565227321        0.0555675126        0.0033275001        0.0021440429        2.8565226813        0.0555675132        3.0417900760        0.0591597132
        0.2142857143   14   14   14        3.0418960087        0.0581166588        2.8559936790        0.0573127376        0.0034720328        0.0021760814        2.8559937294        0.0573127373        6.0437360864        0.0888132430        2.8568344067        0.0609580187        0.0034720328        0.0021760814        2.8568343560        0.0609580186        3.0423787069        0.0625885883
        0.2244897960   14   14   14        3.0439524689        0.0657801058        2.8557805995        0.0616041818        0.0034986681        0.0024159754        2.8557806500        0.0616041814        6.0461990917        0.0932940706        2.8578784374        0.0606333078        0.0034986681        0.0024159754        2.8578783866        0.0606333081        3.0456330139        0.0649324581
        0.2346938776   14   14   14        3.0494977558        0.0645218486        2.8601330384        0.0620102313        0.0036446054        0.0025366992        2.8601330886        0.0620102306        6.0532787756        0.0959238989        2.8575096569        0.0650588271        0.0036446054        0.0025366993        2.8575096065        0.0650588277        3.0481923491        0.0686063674
        0.2448979592   14   14   14        3.0443838689        0.0697600854        2.8538957565        0.0665053649        0.0036558715        0.0026551850        2.8538958062        0.0665053642        6.0419958057        0.1014888057        2.8526942658        0.0676731597        0.0036558716        0.0026551850        2.8526942158        0.0676731602        3.0427635221        0.0712801110
        0.2551020409   14   14   14        3.0429261492        0.0725623691        2.8514150580        0.0688015221        0.0036315340        0.0027669364        2.8514151077        0.0688015217        6.0389578687        0.1022824495        2.8503186807        0.0698166444        0.0036315340        0.0027669364        2.8503186305        0.0698166451        3.0420117769        0.0724253361
        0.2653061225   14   14   14        3.0466530996        0.0787520629        2.8508345310        0.0719500560        0.0036816694        0.0027853643        2.8508345810        0.0719500558        6.0441379316        0.1151116483        2.8494609715        0.0717801998        0.0036816694        0.0027853643        2.8494609219        0.0717802007        3.0437064872        0.0759203501
        0.2755102041   14   14   14        3.0458132850        0.0768193655        2.8457814806        0.0713905669        0.0039446084        0.0031807047        2.8457815306        0.0713905664        6.0428139730        0.1155913800        2.8494008530        0.0750000649        0.0039446084        0.0031807048        2.8494008031        0.0750000652        3.0463859424        0.0787714501
        0.2857142858   14   14   14        3.0458781942        0.0857919739        2.8444635464        0.0800815349        0.0039020031        0.0031327850        2.8444635958        0.0800815346        6.0398158291        0.1160628864        2.8486457072        0.0790752865        0.0039020032        0.0031327850        2.8486456578        0.0790752872        3.0455738847        0.0812696291
        0.2959183674   14   14   14        3.0506240650        0.0855591963        2.8494361626        0.0789414565        0.0038933605        0.0033444279        2.8494362124        0.0789414569        6.0494661206        0.1177984215        2.8481089796        0.0775341271        0.0038933605        0.0033444279        2.8481089302        0.0775341275        3.0497949914        0.0825091081
        0.3061224490   14   14   14        3.0514202394        0.0847690929        2.8490584173        0.0801774466        0.0039453881        0.0033876640        2.8490584664        0.0801774462        6.0471764357        0.1204963545        2.8415766607        0.0804552220        0.0039453881        0.0033876640        2.8415766112        0.0804552224        3.0489037283        0.0861319880
        0.3163265306   14   14   14        3.0494432290        0.0894704477        2.8412438264        0.0840398667        0.0042275762        0.0037514163        2.8412438757        0.0840398660        6.0461967075        0.1247655981        2.8448596721        0.0889016653        0.0042275762        0.0037514163        2.8448596225        0.0889016661        3.0520854578        0.0924245028
        0.3265306123   14   14   14        3.0509994794        0.0903104022        2.8394132843        0.0859659247        0.0041254874        0.0036973710        2.8394133339        0.0859659240        6.0441062541        0.1289232566        2.8402262200        0.0866824624        0.0041254874        0.0036973710        2.8402261707        0.0866824629        3.0503210935        0.0907107970
        0.3367346939   14   14   14        3.0541312398        0.0970873910        2.8421608778        0.0928185310        0.0042091527        0.0039528337        2.8421609264        0.0928185305        6.0419897866        0.1467354838        2.8337151858        0.0935722157        0.0042091527        0.0039528337        2.8337151368        0.0935722167        3.0470360442        0.0986841294
        0.3469387755   14   14   14        3.0571276737        0.0979605390        2.8426171765        0.0906515453        0.0041282750        0.0039468720        2.8426172258        0.0906515445        6.0420752894        0.1429052363        2.8336350446        0.0950086259        0.0041282750        0.0039468721        2.8336349957        0.0950086264        3.0454463539        0.0983977158
        0.3571428572   14   14   14        3.0537329956        0.1026278237        2.8352340636        0.0956370318        0.0042673177        0.0040301589        2.8352341125        0.0956370305        6.0404913502        0.1432210903        2.8293419632        0.0958942773        0.0042673177        0.0040301589        2.8293419139        0.0958942787        3.0500744006        0.1011677876
        0.3673469388   14   14   14        3.0500347489        0.1072210977        2.8259981514        0.1015620175        0.0045925690        0.0042941376        2.8259982004        0.1015620167        6.0419843919        0.1487655977        2.8355869617        0.0951592889        0.0045925690        0.0042941376        2.8355869132        0.0951592894        3.0595021905        0.1030493552
        0.3775510204   14   14   14        3.0569616987        0.1048456700        2.8357728698        0.0961679680        0.0043974534        0.0042541255        2.8357729183        0.0961679670        6.0411515862        0.1505203327        2.8283411169        0.1028599006        0.0043974534        0.0042541256        2.8283410680        0.1028599017        3.0507590800        0.1084937310
        0.3877551021   14   14   14        3.0586060747        0.1121078167        2.8278156385        0.1007074709        0.0045766490        0.0047706454        2.8278156861        0.1007074698        6.0409341285        0.1559708590        2.8237271253        0.0992250739        0.0045766490        0.0047706454        2.8237270760        0.0992250752        3.0514563080        0.1095094512
        0.3979591837   14   14   14        3.0545086614        0.1157910402        2.8217457667        0.1050521514        0.0046032233        0.0047339310        2.8217458148        0.1050521509        6.0393176681        0.1590345022        2.8225224810        0.1034223794        0.0046032234        0.0047339310        2.8225224335        0.1034223803        3.0555171686        0.1160183832
        0.4081632653   14   14   14        3.0572323681        0.1171093963        2.8215290305        0.1074667992        0.0047132866        0.0050162575        2.8215290787        0.1074667976        6.0378415531        0.1628869682        2.8168306948        0.1068134042        0.0047132866        0.0050162575        2.8168306469        0.1068134051        3.0569848836        0.1153417160
        0.4183673470   14   14   14        3.0586972529        0.1187891854        2.8184087142        0.1107354468        0.0052511461        0.0052961891        2.8184087623        0.1107354455        6.0330587559        0.1669499998        2.8130201409        0.1136798966        0.0052511461        0.0052961891        2.8130200925        0.1136798976        3.0525359321        0.1205756714
        0.4285714286   14   14   14        3.0576717038        0.1177009031        2.8151450189        0.1130539064        0.0048738879        0.0051795034        2.8151450666        0.1130539055        6.0335601374        0.1718182492        2.8143556333        0.1133898875        0.0048738879        0.0051795033        2.8143555859        0.1133898893        3.0561030231        0.1233296552
        0.4387755102   14   14   14        3.0569329603        0.1245026893        2.8087535148        0.1127980806        0.0052693592        0.0054653330        2.8087535620        0.1127980794        6.0392722622        0.1764684515        2.8159123726        0.1127924743        0.0052693592        0.0054653330        2.8159123258        0.1127924760        3.0627736434        0.1251276414
        0.4489795918   14   14   14        3.0653800800        0.1263760902        2.8107793382        0.1164493448        0.0052470202        0.0061910197        2.8107793857        0.1164493432        6.0500625155        0.1779582187        2.8147762513        0.1180015730        0.0052470202        0.0061910197        2.8147762040        0.1180015745        3.0689253120        0.1268206956
        0.4591836735   14   14   14        3.0642150720        0.1299871079        2.8061804372        0.1182882244        0.0054507446        0.0061095012        2.8061804841        0.1182882227        6.0370322949        0.1913420944        2.8059475693        0.1170107250        0.0054507446        0.0061095012        2.8059475224        0.1170107258        3.0622906586        0.1331368968
        0.4693877551   14   14   14        3.0684338766        0.1351752523        2.8060069080        0.1209221448        0.0051643612        0.0061935651        2.8060069550        0.1209221433        6.0418941296        0.1917439965        2.8008003191        0.1217524175        0.0051643612        0.0061935651        2.8008002717        0.1217524188        3.0628971755        0.1346799109
        0.4795918367   14   14   14        3.0608287945        0.1405926255        2.7928002572        0.1262963179        0.0050086898        0.0064542656        2.7928003034        0.1262963168        6.0299978608        0.1952448808        2.7986702790        0.1302541024        0.0050086898        0.0064542656        2.7986702324        0.1302541037        3.0664983035        0.1471045703
        0.4897959184   14   14   14        3.0661026937        0.1356916607        2.7970057605        0.1232956793        0.0053611617        0.0063627650        2.7970058081        0.1232956779        6.0448638559        0.1929526269        2.8030269945        0.1258174658        0.0053611617        0.0063627648        2.8030269476        0.1258174676        3.0750809804        0.1430717800
        0.5000000000   14   14   14        3.0658890700        0.1486009160        2.7867202732        0.1332816304        0.0056972777        0.0068516600        2.7867203196        0.1332816286        6.0423098412        0.1995578684        2.8024897692        0.1262242415        0.0056972778        0.0068516600        2.8024897232        0.1262242441        3.0777477715        0.1401536282
