# ta1 =         1.0000000000 mua =        -0.8001000000 m1 =         1.1001000000 eo1 =         5.0000000000 m2 =         0.7001000000 eo2 =        -0.5000000000 ta2 =         0.5000000000 ta3 =         0.4000000000
# ts =         1.0000000000 mus =        -1.0000000000 ds =         0.0010000000
# tn =         1.0000000000 mun =        -1.0000000000 ev/ds =         0.0000000001
# tna_pz =         0.2500000000 tna_ab =         0.2500000000 tna_px =         0.2500000000 tna_py =         0.2500000000 tna_dxy =         0.2500000000
# tas_pz =         0.5000000000 tas_ab =         0.5000000000 tas_px =         0.5000000000 tas_py =         0.5000000000 tas_dxy =         0.5000000000
# wid =   200 len =    40 wn =    20 wb1 =    10 wb2 =    60 wb3 =    60 wbs =     0 numr =  1000
# rtna_pz/tna_pz, nc1, nc2, nc3, G11_ave, G11_var, G21_ave, G21_var, G31_ave, G31_var, G12_ave, G12_var, G22_ave, G22_var, G32_ave, G32_var, G13_ave, G13_var, G23_ave, G23_var, G33_ave, G33_var
        0.0000000001   14   14   14        2.2301493866        0.0000000000        2.2198743732        0.0000000000        0.0000275949        0.0000000000        2.2198743735        0.0000000000        4.5811297492        0.0000000000        2.2198743736        0.0000000000        0.0000275949        0.0000000000        2.2198743732        0.0000000000        2.2301493866        0.0000000000
        0.0102040817   14   14   14        2.2302371787        0.0028177189        2.2199451668        0.0028122773        0.0000275746        0.0000018720        2.2199451671        0.0028122773        4.5814087627        0.0053542274        2.2198879393        0.0028010501        0.0000275746        0.0000018720        2.2198879389        0.0028010501        2.2301778586        0.0028139049
        0.0204081634   14   14   14        2.2306214637        0.0053098071        2.2202832904        0.0052934417        0.0000277405        0.0000038214        2.2202832908        0.0052934417        4.5821346597        0.0103352059        2.2201338475        0.0054140940        0.0000277405        0.0000038214        2.2201338471        0.0054140940        2.2304612888        0.0054264432
        0.0306122450   14   14   14        2.2307548179        0.0083483675        2.2203099253        0.0083297376        0.0000281808        0.0000058936        2.2203099257        0.0083297376        4.5828714944        0.0160982212        2.2200369795        0.0080797258        0.0000281808        0.0000058936        2.2200369791        0.0080797258        2.2304769540        0.0080851932
        0.0408163266   14   14   14        2.2314992750        0.0110362854        2.2209449317        0.0109777199        0.0000282137        0.0000079063        2.2209449321        0.0109777199        4.5849641465        0.0213325980        2.2198322469        0.0108897410        0.0000282137        0.0000079063        2.2198322466        0.0108897410        2.2303894170        0.0109133231
        0.0510204083   14   14   14        2.2315801250        0.0142153570        2.2208412348        0.0142088928        0.0000289853        0.0000098987        2.2208412352        0.0142088928        4.5861525091        0.0256762909        2.2196623767        0.0133390970        0.0000289853        0.0000098987        2.2196623763        0.0133390970        2.2303693507        0.0134216393
        0.0612244899   14   14   14        2.2318410854        0.0168677899        2.2209127362        0.0168147993        0.0000301804        0.0000122116        2.2209127365        0.0168147993        4.5877212840        0.0317214862        2.2208120959        0.0155917793        0.0000301804        0.0000122116        2.2208120956        0.0155917793        2.2317058171        0.0156631509
        0.0714285715   14   14   14        2.2325109290        0.0192722260        2.2213954396        0.0191682499        0.0000302152        0.0000142751        2.2213954399        0.0191682499        4.5919654953        0.0366534926        2.2209823813        0.0193950751        0.0000302152        0.0000142751        2.2209823810        0.0193950751        2.2321715653        0.0194216767
        0.0816326531   14   14   14        2.2329747430        0.0212844362        2.2215546540        0.0211819774        0.0000314902        0.0000168328        2.2215546543        0.0211819774        4.5934753936        0.0425913114        2.2204726709        0.0219995444        0.0000314902        0.0000168328        2.2204726705        0.0219995444        2.2318314520        0.0220761568
        0.0918367348   14   14   14        2.2337131066        0.0248291688        2.2219625326        0.0247012956        0.0000327627        0.0000186197        2.2219625329        0.0247012956        4.5967248930        0.0478290496        2.2207685926        0.0244148882        0.0000327627        0.0000186197        2.2207685922        0.0244148882        2.2324959602        0.0245321454
        0.1020408164   14   14   14        2.2338650298        0.0265040002        2.2217935332        0.0265551493        0.0000345407        0.0000219423        2.2217935335        0.0265551493        4.6007744454        0.0543315679        2.2218131830        0.0269238175        0.0000345407        0.0000219423        2.2218131827        0.0269238175        2.2339310216        0.0270673471
        0.1122448980   14   14   14        2.2330144950        0.0298184259        2.2205894213        0.0297137823        0.0000351479        0.0000241279        2.2205894216        0.0297137823        4.6048549966        0.0602562012        2.2219786046        0.0291671146        0.0000351479        0.0000241279        2.2219786043        0.0291671146        2.2344570950        0.0292274733
        0.1224489797   14   14   14        2.2328886849        0.0317606035        2.2199488400        0.0316056737        0.0000367599        0.0000273189        2.2199488403        0.0316056737        4.6083311442        0.0697260850        2.2217392188        0.0329792789        0.0000367599        0.0000273189        2.2217392185        0.0329792789        2.2347397373        0.0331991449
        0.1326530613   14   14   14        2.2372819005        0.0361460763        2.2239083288        0.0360827160        0.0000406636        0.0000308853        2.2239083290        0.0360827160        4.6153409204        0.0758351198        2.2214416779        0.0364473570        0.0000406636        0.0000308853        2.2214416776        0.0364473570        2.2348661820        0.0367886981
        0.1428571429   14   14   14        2.2353906817        0.0375881279        2.2214062722        0.0374995403        0.0000405533        0.0000339845        2.2214062725        0.0374995403        4.6185899681        0.0793954578        2.2232718841        0.0383556270        0.0000405533        0.0000339845        2.2232718838        0.0383556270        2.2371777712        0.0384376840
        0.1530612246   14   14   14        2.2361371251        0.0412889389        2.2215956655        0.0411086279        0.0000451205        0.0000395634        2.2215956657        0.0411086279        4.6275316086        0.0951894165        2.2218649388        0.0423182392        0.0000451205        0.0000395634        2.2218649386        0.0423182392        2.2366633133        0.0424909496
        0.1632653062   14   14   14        2.2390664417        0.0431327501        2.2239264151        0.0432112750        0.0000449897        0.0000423693        2.2239264153        0.0432112750        4.6327875355        0.0914908852        2.2237690559        0.0419336787        0.0000449897        0.0000423693        2.2237690557        0.0419336787        2.2389000884        0.0421931961
        0.1734693878   14   14   14        2.2436341836        0.0454563698        2.2276392055        0.0454621633        0.0000506072        0.0000485735        2.2276392057        0.0454621633        4.6474036308        0.1074775733        2.2225318265        0.0465488067        0.0000506072        0.0000485735        2.2225318263        0.0465488068        2.2384610158        0.0469078190
        0.1836734695   14   14   14        2.2394265363        0.0489064080        2.2227971658        0.0487238479        0.0000545587        0.0000539752        2.2227971659        0.0487238479        4.6460594684        0.1176168126        2.2247458096        0.0484293023        0.0000545587        0.0000539752        2.2247458095        0.0484293023        2.2414801755        0.0485796338
        0.1938775511   14   14   14        2.2430552284        0.0511390621        2.2256369676        0.0509503786        0.0000562476        0.0000600439        2.2256369676        0.0509503786        4.6600483709        0.1301749054        2.2256779553        0.0511625667        0.0000562476        0.0000600439        2.2256779552        0.0511625667        2.2433725637        0.0512056591
        0.2040816327   14   14   14        2.2408603731        0.0552327057        2.2223436780        0.0553124050        0.0000628804        0.0000645919        2.2223436781        0.0553124051        4.6615972464        0.1386906047        2.2264353981        0.0544182401        0.0000628804        0.0000645919        2.2264353980        0.0544182401        2.2447359761        0.0548642327
        0.2142857143   14   14   14        2.2461842002        0.0574491948        2.2270341655        0.0571383647        0.0000683292        0.0000760220        2.2270341655        0.0571383646        4.6786374924        0.1548380571        2.2259709377        0.0578087306        0.0000683292        0.0000760220        2.2259709376        0.0578087306        2.2455193357        0.0581253562
        0.2244897960   14   14   14        2.2471346178        0.0598562220        2.2267731182        0.0592535375        0.0000748066        0.0000855905        2.2267731182        0.0592535374        4.6900097620        0.1774567308        2.2253082258        0.0603690931        0.0000748066        0.0000855905        2.2253082257        0.0603690931        2.2459652554        0.0606935088
        0.2346938776   14   14   14        2.2487811959        0.0652919187        2.2266856278        0.0648657640        0.0000740669        0.0000949311        2.2266856277        0.0648657640        4.6994450507        0.1851925774        2.2254686098        0.0629025894        0.0000740669        0.0000949311        2.2254686098        0.0629025895        2.2471917301        0.0634150596
        0.2448979592   14   14   14        2.2510910789        0.0654160712        2.2283195038        0.0647246293        0.0000873896        0.0000974898        2.2283195037        0.0647246293        4.7119944381        0.2014834758        2.2277022057        0.0661148985        0.0000873896        0.0000974898        2.2277022058        0.0661148985        2.2507613800        0.0662247354
        0.2551020409   14   14   14        2.2549303120        0.0701692155        2.2307100026        0.0692663171        0.0001000820        0.0001372625        2.2307100025        0.0692663171        4.7341805673        0.2150804935        2.2306408266        0.0689097785        0.0001000820        0.0001372626        2.2306408266        0.0689097785        2.2551707605        0.0690533103
        0.2653061225   14   14   14        2.2557014646        0.0713921656        2.2301779850        0.0705511217        0.0000982630        0.0001448457        2.2301779848        0.0705511216        4.7389354793        0.2177294937        2.2297013883        0.0719059800        0.0000982630        0.0001448457        2.2297013885        0.0719059800        2.2550238278        0.0723514247
        0.2755102041   14   14   14        2.2582640421        0.0753248077        2.2315180829        0.0749774282        0.0001142532        0.0001390010        2.2315180827        0.0749774282        4.7495689625        0.2322242214        2.2308075552        0.0732141041        0.0001142532        0.0001390010        2.2308075554        0.0732141042        2.2570116874        0.0738173276
        0.2857142858   14   14   14        2.2593464122        0.0816788254        2.2290498887        0.0767425097        0.0001631647        0.0014496438        2.2290498884        0.0767425097        4.7600905703        0.2412153742        2.2273242813        0.0754939517        0.0001631647        0.0014496441        2.2273242815        0.0754939517        2.2565336350        0.0762028053
        0.2959183674   14   14   14        2.2573879267        0.0843968818        2.2258181678        0.0834217511        0.0001263873        0.0001728048        2.2258181675        0.0834217511        4.7893359453        0.2677977596        2.2322461082        0.0787374125        0.0001263873        0.0001728048        2.2322461083        0.0787374123        2.2624985666        0.0796122863
        0.3061224490   14   14   14        2.2575839026        0.0825045836        2.2230277120        0.0801494919        0.0001279847        0.0002197264        2.2230277115        0.0801494920        4.8230908517        0.3365476670        2.2331791822        0.0822968678        0.0001279847        0.0002197264        2.2331791827        0.0822968678        2.2666436164        0.0835887409
        0.3163265306   14   14   14        2.2644723212        0.0861599131        2.2299262530        0.0842896685        0.0001517053        0.0002176201        2.2299262524        0.0842896686        4.8311670654        0.3476348468        2.2327417023        0.0867368536        0.0001517053        0.0002176201        2.2327417028        0.0867368536        2.2672068112        0.0879576060
        0.3265306123   14   14   14        2.2683218328        0.0973097530        2.2305226337        0.0917046261        0.0001721317        0.0007673180        2.2305226330        0.0917046261        4.8416652527        0.3556256471        2.2314888589        0.0890933520        0.0001721317        0.0007673179        2.2314888595        0.0890933518        2.2718295326        0.0948200869
        0.3367346939   14   14   14        2.2732856219        0.0918212783        2.2339773712        0.0906306894        0.0001573056        0.0002911374        2.2339773705        0.0906306892        4.8592364632        0.3681056928        2.2330707090        0.0905047256        0.0001573056        0.0002911374        2.2330707097        0.0905047254        2.2746866598        0.0937062662
        0.3469387755   14   14   14        2.2772389347        0.1032770410        2.2323408685        0.0987893783        0.0001941615        0.0004198483        2.2323408675        0.0987893781        4.8986478202        0.3999536019        2.2334574204        0.0911230788        0.0001941615        0.0004198483        2.2334574213        0.0911230789        2.2756080393        0.0935277624
        0.3571428572   14   14   14        2.2818793172        0.1041141350        2.2367570263        0.1002840281        0.0002193396        0.0004790213        2.2367570254        0.1002840283        4.8998618455        0.4200933570        2.2324769309        0.0975501639        0.0002193396        0.0004790213        2.2324769318        0.0975501640        2.2811005052        0.1036895073
        0.3673469388   14   14   14        2.2829083553        0.1040257445        2.2346402799        0.1015560739        0.0001905533        0.0006694320        2.2346402789        0.1015560738        4.9250836020        0.4317378883        2.2312717975        0.1012387075        0.0001905533        0.0006694320        2.2312717985        0.1012387074        2.2810048500        0.1102115452
        0.3775510204   14   14   14        2.2848170565        0.1119902527        2.2329863443        0.1040025680        0.0001959268        0.0007177380        2.2329863431        0.1040025681        4.9443982366        0.4576013035        2.2340299026        0.0986032225        0.0001959268        0.0007177380        2.2340299037        0.0986032224        2.2826913767        0.1075092956
        0.3877551021   14   14   14        2.2939233869        0.1222017093        2.2343998681        0.1090388596        0.0002192689        0.0011044199        2.2343998666        0.1090388598        4.9921673675        0.5098645504        2.2312691622        0.1066288020        0.0002192689        0.0011044199        2.2312691635        0.1066288017        2.2891213623        0.1174720312
        0.3979591837   14   14   14        2.2948735490        0.1130681032        2.2380892815        0.1077224339        0.0001903827        0.0013103594        2.2380892802        0.1077224339        5.0555744204        0.5546487460        2.2404460147        0.1075786913        0.0001903826        0.0013103594        2.2404460162        0.1075786911        2.3010022244        0.1209031710
        0.4081632653   14   14   14        2.2985820519        0.1335051727        2.2299790132        0.1177528523        0.0002937506        0.0010203824        2.2299790115        0.1177528525        5.0274263821        0.5386420333        2.2350036469        0.1179617860        0.0002937506        0.0010203823        2.2350036483        0.1179617858        2.3018504920        0.1314443437
        0.4183673470   14   14   14        2.3017400545        0.1215197176        2.2362363508        0.1132646390        0.0002492887        0.0012540314        2.2362363490        0.1132646390        5.0447707743        0.5630015385        2.2315992447        0.1195355728        0.0002492887        0.0012540313        2.2315992465        0.1195355728        2.3034679237        0.1405714361
        0.4285714286   14   14   14        2.3146809603        0.1322410857        2.2409470653        0.1168443666        0.0002605230        0.0014547344        2.2409470633        0.1168443664        5.0856027988        0.5777726163        2.2401827069        0.1261361421        0.0002605230        0.0014547346        2.2401827090        0.1261361418        2.3168054036        0.1404455529
        0.4387755102   14   14   14        2.3194183305        0.1338507311        2.2463461001        0.1173331180        0.0002978406        0.0025050416        2.2463460979        0.1173331175        5.1412166959        0.6553394490        2.2342823394        0.1287526563        0.0002978406        0.0025050410        2.2342823412        0.1287526559        2.3125655626        0.1381799717
        0.4489795918   14   14   14        2.3258358652        0.1531842655        2.2366576748        0.1255927634        0.0004125444        0.0022757115        2.2366576725        0.1255927636        5.1574505332        0.6384438246        2.2374492663        0.1263539601        0.0004125444        0.0022757116        2.2374492687        0.1263539599        2.3220687322        0.1483211726
        0.4591836735   14   14   14        2.3204819898        0.1433999448        2.2390358892        0.1332224540        0.0003792415        0.0022280812        2.2390358870        0.1332224539        5.0989851236        0.5975481128        2.2429141868        0.1232248658        0.0003792415        0.0022280814        2.2429141887        0.1232248657        2.3200532091        0.1395339686
        0.4693877551   14   14   14        2.3253537929        0.1467690212        2.2410966149        0.1335463967        0.0003286881        0.0019339797        2.2410966123        0.1335463970        5.2115811252        0.6903235268        2.2378645695        0.1340086712        0.0003286881        0.0019339798        2.2378645722        0.1340086712        2.3311405070        0.1614685187
        0.4795918367   14   14   14        2.3349718953        0.1526069450        2.2426436436        0.1403375917        0.0002880058        0.0019070000        2.2426436407        0.1403375918        5.1979763414        0.6664707569        2.2395698654        0.1350480187        0.0002880058        0.0019070000        2.2395698680        0.1350480190        2.3295067379        0.1510342679
        0.4897959184   14   14   14        2.3391048241        0.1607712160        2.2383107581        0.1376561391        0.0002967537        0.0029960448        2.2383107549        0.1376561388        5.2117311389        0.6554932224        2.2361629059        0.1342993975        0.0002967536        0.0029960443        2.2361629090        0.1342993969        2.3398618545        0.1646681050
        0.5000000000   14   14   14        2.3534786674        0.1783642914        2.2454128461        0.1418338535        0.0003668338        0.0026705095        2.2454128429        0.1418338536        5.2584225706        0.7033314724        2.2491795967        0.1406108449        0.0003668338        0.0026705099        2.2491795996        0.1406108447        2.3485580667        0.1530534640
