# ta1 =         1.0000000000 mua =        -0.8001000000 m1 =         1.1001000000 eo1 =         5.0000000000 m2 =         0.7001000000 eo2 =        -0.5000000000 ta2 =         0.5000000000 ta3 =         0.4000000000
# ts =         1.0000000000 mus =        -1.0000000000 ds =         0.0001000000
# tn =         1.0000000000 mun =        -1.0000000000 minev/ds =         0.0000000001 maxev =         1.2000000000
# tna_pz =         0.7000000000 tna_ab =         0.7000000000 tna_px =         0.7000000000 tna_py =         0.7000000000 tna_dxy =         0.7000000000
# rtna_pz =         0.5000000000 rtna_ab =         0.5000000000 rtna_px =         0.5000000000 rtna_py =         0.5000000000 rtna_dxy =         0.5000000000
# tas_pz =         0.2000000000 tas_ab =         0.2000000000 tas_px =         0.2000000000 tas_py =         0.2000000000 tas_dxy =         0.2000000000
# rtas_pz =         0.5000000000 rtas_ab =         0.5000000000 rtas_px =         0.5000000000 rtas_py =         0.5000000000 rtas_dxy =         0.5000000000
# wid =   140 len =    25 wn =    20 wb1 =    10 wb2 =    30 wb3 =    30 wbs =     0 numr =  1000
# ev/ds, nc1, nc2, nc3, G11_ave, G11_var, G21_ave, G21_var, G31_ave, G31_var, G12_ave, G12_var, G22_ave, G22_var, G32_ave, G32_var, G13_ave, G13_var, G23_ave, G23_var, G33_ave, G33_var
        0.0000000001   14   14   14        2.7379392887        0.5795274029        1.1823054657        0.3537420328        0.0517508594        0.1108127856        1.1823054662        0.3537420328        4.1943371696        0.5266412990        1.1792599143        0.3444877563        0.0517508594        0.1108127855        1.1792599140        0.3444877567        2.7396758883        0.5989148279
        0.0121212122   14   14   14        2.7548789631        0.5676640455        1.1822705247        0.3509961820        0.0410527086        0.1159728346        1.1733956594        0.3551111144        4.1968848938        0.5217544635        1.1656512904        0.3487038083        0.0451402365        0.1188386696        1.1762560722        0.3436653442        2.7636380179        0.6001324877
        0.0242424243   14   14   14        2.7742669573        0.5581039159        1.1814195312        0.3465911936        0.0319316366        0.1199142867        1.1629894113        0.3563138751        4.2031999837        0.5208914511        1.1525335151        0.3521913376        0.0384800056        0.1266238640        1.1721685712        0.3422428942        2.7839435080        0.5942940368
        0.0363636365   14   14   14        2.7977199695        0.5477685474        1.1774453894        0.3440908983        0.0225577584        0.1244433316        1.1515105250        0.3593410248        4.2138362121        0.5209228678        1.1376954032        0.3544198041        0.0309586280        0.1331483599        1.1671145517        0.3399138986        2.8106944648        0.5933947990
        0.0484848486   14   14   14        2.8260281323        0.5431824248        1.1724479681        0.3421238119        0.0127929365        0.1300291622        1.1381778448        0.3623672422        4.2261443586        0.5185188277        1.1221651420        0.3608640889        0.0219593706        0.1365203095        1.1617518338        0.3399225493        2.8373191397        0.5907895500
        0.0606060607   14   14   14        2.8621527102        0.5490270217        1.1652733312        0.3399474240        0.0045299159        0.1370767435        1.1223299651        0.3674483702        4.2421114824        0.5158397347        1.1080590827        0.3648598435        0.0125970500        0.1401974499        1.1553088222        0.3397815249        2.8670487234        0.5816758083
        0.0727272728   14   14   14        2.8916240799        0.5522954897        1.1575024998        0.3403020312       -0.0046039951        0.1430979114        1.1083793012        0.3712133701        4.2565678187        0.5151431047        1.0948123423        0.3652555235        0.0037536467        0.1432869511        1.1489962516        0.3369970104        2.8953185848        0.5732326534
        0.0848484849   14   14   14        2.9225086235        0.5562913669        1.1475310532        0.3412012412       -0.0128799393        0.1474342233        1.0935948552        0.3733165371        4.2736697618        0.5103984947        1.0803174092        0.3650490091       -0.0041694439        0.1462619766        1.1406566269        0.3337079059        2.9257178456        0.5693532841
        0.0969696971   14   14   14        2.9470698702        0.5583929446        1.1394559399        0.3401980481       -0.0217709495        0.1501914136        1.0833740641        0.3730701825        4.2881705881        0.5094822169        1.0670149086        0.3652318738       -0.0126142292        0.1493445948        1.1318102439        0.3324724673        2.9555406091        0.5697898758
        0.1090909092   14   14   14        2.9689672629        0.5599996200        1.1344521731        0.3401592458       -0.0291451924        0.1533120486        1.0752244252        0.3750382501        4.2996850365        0.5058719847        1.0559558502        0.3677320438       -0.0197793069        0.1539801006        1.1249585982        0.3315829980        2.9848624736        0.5694872597
        0.1212121213   14   14   14        2.9924800710        0.5600369387        1.1288886471        0.3404164957       -0.0352035186        0.1539231399        1.0665485045        0.3774208219        4.3109380831        0.4995074331        1.0458730432        0.3724434373       -0.0270377945        0.1555661189        1.1176439627        0.3309309791        3.0080046308        0.5734338081
        0.1333333334   14   14   14        3.0134367758        0.5614577612        1.1235510779        0.3396207941       -0.0386954156        0.1539595275        1.0560888587        0.3760759068        4.3208494170        0.4998532648        1.0420817684        0.3756767303       -0.0333710700        0.1547816697        1.1118433871        0.3290584225        3.0202426832        0.5750269329
        0.1454545455   14   14   14        3.0370754199        0.5562407477        1.1170292775        0.3403925146       -0.0428030805        0.1552322400        1.0466579714        0.3748173282        4.3343562517        0.5002913339        1.0359878519        0.3766437573       -0.0389759908        0.1545962922        1.1039439281        0.3293034695        3.0403373051        0.5738895763
        0.1575757577   14   14   14        3.0580969993        0.5567683579        1.1106057645        0.3400950221       -0.0464383526        0.1587920570        1.0378691897        0.3750225330        4.3440920257        0.4979106606        1.0305714033        0.3762344760       -0.0441262036        0.1567650639        1.0960474178        0.3309181004        3.0586527733        0.5678200898
        0.1696969698   14   14   14        3.0782519292        0.5585843674        1.1039831503        0.3390459874       -0.0484891426        0.1588072029        1.0298067919        0.3733495023        4.3509979685        0.4976176649        1.0288504875        0.3764676493       -0.0483559796        0.1572999005        1.0910251104        0.3292044139        3.0714024252        0.5614558545
        0.1818181819   14   14   14        3.0910832925        0.5499405643        1.0972428907        0.3381841980       -0.0510680361        0.1584844949        1.0255998554        0.3735752250        4.3602410362        0.4975093516        1.0238602963        0.3777396418       -0.0514982466        0.1576324660        1.0844484634        0.3288889586        3.0859595623        0.5599289966
        0.1939393940   14   14   14        3.1075624375        0.5461938917        1.0913824913        0.3377404538       -0.0531149516        0.1579024801        1.0228191147        0.3739625861        4.3698926738        0.4966365059        1.0183706681        0.3780951162       -0.0531860427        0.1581194008        1.0762949584        0.3290039152        3.0983009486        0.5593599533
        0.2060606061   14   14   14        3.1277709589        0.5493836103        1.0863307943        0.3358967827       -0.0540281169        0.1581397698        1.0185513834        0.3729536639        4.3814545253        0.5009783402        1.0142248125        0.3765550327       -0.0552462832        0.1588284525        1.0681832039        0.3269343252        3.1122436329        0.5624304817
        0.2181818183   14   14   14        3.1436520630        0.5517829160        1.0813947702        0.3324553639       -0.0529136165        0.1590716761        1.0158440539        0.3702586853        4.3919342649        0.5069851084        1.0128309533        0.3733682963       -0.0559153308        0.1574934546        1.0621445687        0.3239953702        3.1220535565        0.5647261014
        0.2303030304   14   14   14        3.1549797497        0.5553136748        1.0766964517        0.3302258253       -0.0493430771        0.1574013907        1.0119853384        0.3686782987        4.3960414453        0.5110980604        1.0103896796        0.3725807834       -0.0532526696        0.1551669048        1.0579460897        0.3205913895        3.1273963736        0.5672065684
        0.2424242425   14   14   14        3.1642219661        0.5598550454        1.0712809563        0.3305219401       -0.0457945871        0.1564268890        1.0096146591        0.3637547383        4.4008864019        0.5146338028        1.0063143793        0.3725927661       -0.0498471792        0.1544115931        1.0532422754        0.3192774021        3.1389409383        0.5712789654
        0.2545454546   14   14   14        3.1720915302        0.5661059831        1.0657532343        0.3308702495       -0.0400216402        0.1558964122        1.0062343378        0.3598180250        4.4032536340        0.5196587913        1.0047661588        0.3705110766       -0.0457173334        0.1544573287        1.0487730605        0.3193222570        3.1438893385        0.5733940327
        0.2666666667   14   14   14        3.1750139313        0.5730006406        1.0619891590        0.3279938194       -0.0330848788        0.1553443623        1.0040353588        0.3549421900        4.4033691795        0.5216416409        1.0061054199        0.3682140782       -0.0411207926        0.1544447689        1.0448429356        0.3218102178        3.1409274777        0.5754761577
        0.2787878789   14   14   14        3.1685246937        0.5773431125        1.0614996943        0.3252867283       -0.0286231565        0.1531751124        1.0048779623        0.3522521816        4.3951748665        0.5209997078        1.0112104567        0.3647657992       -0.0368510582        0.1535640518        1.0438653521        0.3216291379        3.1299127138        0.5776694255
        0.2909090910   14   14   14        3.1621400929        0.5775825661        1.0587343416        0.3238665443       -0.0246050888        0.1516439306        1.0039947949        0.3513110269        4.3896686702        0.5206253235        1.0140961236        0.3626426949       -0.0326162344        0.1515811144        1.0420576780        0.3195203112        3.1187229923        0.5798961638
        0.3030303031   14   14   14        3.1574827400        0.5769657085        1.0539280560        0.3221831429       -0.0225882068        0.1484429624        1.0020160683        0.3485434908        4.3899427907        0.5207923539        1.0139696579        0.3626360741       -0.0288168101        0.1491320028        1.0372327966        0.3187978010        3.1137911748        0.5829280569
        0.3151515152   14   14   14        3.1523224610        0.5740790784        1.0499542123        0.3217611589       -0.0196510111        0.1454054725        1.0003506615        0.3462567025        4.3864245776        0.5238908469        1.0124219841        0.3602206517       -0.0249087430        0.1455929145        1.0321572147        0.3183645721        3.1106873477        0.5844103486
        0.3272727273   14   14   14        3.1451931024        0.5675169020        1.0494856760        0.3212821201       -0.0168283653        0.1434318766        0.9996377656        0.3430890053        4.3747054689        0.5292438131        1.0098614068        0.3572905012       -0.0218023706        0.1424860371        1.0276255265        0.3163860875        3.1065928590        0.5838492986
        0.3393939395   14   14   14        3.1336474075        0.5643912362        1.0498322252        0.3197388355       -0.0149508897        0.1412297680        0.9986696480        0.3418886820        4.3576339717        0.5375988759        1.0073763635        0.3555616906       -0.0188361059        0.1409140784        1.0250158353        0.3143538654        3.1007726730        0.5876859489
        0.3515151516   14   14   14        3.1191351326        0.5620524086        1.0482316246        0.3177890978       -0.0132436313        0.1372111341        0.9948301823        0.3437188980        4.3349311831        0.5467562530        1.0027752559        0.3553546476       -0.0164471507        0.1375112495        1.0239733808        0.3143449695        3.0903806567        0.5901152882
        0.3636363637   14   14   14        3.0986486737        0.5692304427        1.0474180641        0.3156188279       -0.0115135119        0.1341825906        0.9925807939        0.3450967277        4.3076491794        0.5538870794        0.9970687004        0.3577657584       -0.0134128180        0.1371852346        1.0218678553        0.3152310058        3.0702741200        0.5847821335
        0.3757575758   14   14   14        3.0796678419        0.5745494163        1.0458351529        0.3140514115       -0.0101171810        0.1321490331        0.9911217809        0.3450161421        4.2839820602        0.5553964797        0.9904395645        0.3611751756       -0.0110640442        0.1370339915        1.0182196216        0.3153781716        3.0566558398        0.5869956232
        0.3878787879   14   14   14        3.0691245142        0.5797803682        1.0403801215        0.3156159855       -0.0092416017        0.1312619710        0.9865361052        0.3501157763        4.2625122292        0.5557681715        0.9835260750        0.3605749988       -0.0092555134        0.1354932761        1.0156468745        0.3138614566        3.0433701813        0.5905906199
        0.4000000001   14   14   14        3.0638895781        0.5871542007        1.0333124616        0.3183460916       -0.0100246695        0.1305406854        0.9800332603        0.3550166452        4.2413877360        0.5618304839        0.9768013445        0.3600342990       -0.0081086553        0.1352169380        1.0137961328        0.3128781987        3.0322630200        0.5925706683
        0.4121212122   14   14   14        3.0528166118        0.5934140338        1.0273470798        0.3214323460       -0.0106511527        0.1286864273        0.9751646621        0.3586571194        4.2217158452        0.5661094873        0.9704735480        0.3616274950       -0.0066614606        0.1338748311        1.0117907453        0.3131432484        3.0223673400        0.5880332169
        0.4242424243   14   14   14        3.0344354077        0.5891935834        1.0224295357        0.3218415681       -0.0101106396        0.1275307667        0.9721231796        0.3598758905        4.2010646926        0.5702584724        0.9636242173        0.3635593562       -0.0051626556        0.1336607571        1.0088268065        0.3159273441        3.0166488529        0.5833254584
        0.4363636364   14   14   14        3.0145180116        0.5847256456        1.0195522364        0.3218234087       -0.0104260258        0.1253811277        0.9677223433        0.3597535315        4.1781011251        0.5675310011        0.9574675875        0.3654961763       -0.0034139137        0.1344372914        1.0053177595        0.3168606479        3.0092274903        0.5760219135
        0.4484848485   14   14   14        2.9953537760        0.5807549309        1.0193892993        0.3221678923       -0.0105181513        0.1222265409        0.9641410635        0.3593122814        4.1529358260        0.5649315787        0.9536859859        0.3675578673       -0.0032189867        0.1328502652        1.0026063444        0.3187527847        2.9930496035        0.5797089011
        0.4606060607   14   14   14        2.9775290854        0.5771282406        1.0192756519        0.3218417678       -0.0108005519        0.1206482120        0.9603224044        0.3574651385        4.1263286673        0.5630003524        0.9530918078        0.3667536203       -0.0035588393        0.1294671595        1.0045320414        0.3200412945        2.9705575736        0.5803056371
        0.4727272728   14   14   14        2.9557393495        0.5721966855        1.0209268806        0.3223023878       -0.0106559085        0.1200246173        0.9579409836        0.3576667364        4.0952051062        0.5639520400        0.9534128700        0.3661227064       -0.0032415439        0.1270541525        1.0086762810        0.3218777356        2.9421619907        0.5762628735
        0.4848484849   14   14   14        2.9227320996        0.5701876598        1.0269858736        0.3209930860       -0.0103822819        0.1196781880        0.9623683079        0.3565034215        4.0589243420        0.5591318849        0.9526679609        0.3656253103       -0.0027208220        0.1248917504        1.0126628940        0.3249989602        2.9097422634        0.5714924886
        0.4969696970   14   14   14        2.8835762214        0.5758695366        1.0320196586        0.3205676967       -0.0098663916        0.1191691413        0.9667258462        0.3564703479        4.0174185475        0.5630300993        0.9545264372        0.3643995657       -0.0027586711        0.1214631918        1.0184103973        0.3272883415        2.8714011600        0.5718574169
        0.5090909091   14   14   14        2.8335835245        0.5710287127        1.0395085352        0.3207608843       -0.0069707858        0.1194224496        0.9731176708        0.3540844950        3.9694738149        0.5658998636        0.9576102127        0.3639733511       -0.0010994618        0.1173041582        1.0250800238        0.3303590400        2.8253354488        0.5727219241
        0.5212121213   14   14   14        2.7888127498        0.5719678631        1.0471049383        0.3220408093       -0.0039548290        0.1191227628        0.9761242224        0.3535763840        3.9218531910        0.5647132546        0.9652310728        0.3624241284        0.0004005358        0.1148170632        1.0329584232        0.3314669761        2.7721444593        0.5712158572
        0.5333333334   14   14   14        2.7423553810        0.5689744440        1.0562503414        0.3235236527       -0.0008571435        0.1178296389        0.9795806015        0.3564601068        3.8716205034        0.5602048261        0.9744331023        0.3637957806        0.0016600986        0.1119705757        1.0413777867        0.3336044342        2.7162378843        0.5697711269
        0.5454545455   14   14   14        2.6901252022        0.5667117745        1.0645435608        0.3252922880        0.0007105381        0.1141188363        0.9844462799        0.3575177548        3.8276820607        0.5573227588        0.9815684226        0.3655449762        0.0028568368        0.1092589961        1.0492505191        0.3349715433        2.6642342807        0.5607385985
        0.5575757576   14   14   14        2.6338379516        0.5660573863        1.0723126885        0.3260080796        0.0021970871        0.1095453507        0.9919470810        0.3592922455        3.7900764784        0.5615454542        0.9851475974        0.3661403318        0.0041940141        0.1057593439        1.0537012424        0.3373721061        2.6187651123        0.5576537416
        0.5696969697   14   14   14        2.5830472622        0.5671008656        1.0789914020        0.3255319965        0.0048932316        0.1063663863        0.9974660724        0.3624026255        3.7575094861        0.5638413512        0.9934515355        0.3645326463        0.0066863512        0.1025477803        1.0600240961        0.3366514989        2.5699083061        0.5578603713
        0.5818181819   14   14   14        2.5346106965        0.5601064281        1.0828715930        0.3298483297        0.0082847747        0.1031625173        1.0015440100        0.3652447637        3.7354238588        0.5654406745        1.0022746989        0.3644226534        0.0090284513        0.0971667270        1.0640324894        0.3379467115        2.5243022265        0.5535704793
        0.5939393940   14   14   14        2.5029285114        0.5588044835        1.0828007471        0.3341457118        0.0122059405        0.0995422899        1.0027818131        0.3652433846        3.7332193325        0.5746672305        1.0083856821        0.3610006075        0.0122223304        0.0926377059        1.0663053210        0.3362803288        2.4861382874        0.5474133264
        0.6060606061   14   14   14        2.4745209248        0.5574703597        1.0863390553        0.3364179989        0.0175017446        0.0985479113        1.0090191006        0.3650090590        3.7411554770        0.5828471328        1.0163404627        0.3588949561        0.0163247747        0.0912181815        1.0690823771        0.3334285097        2.4560289119        0.5415733802
        0.6181818182   14   14   14        2.4636333050        0.5500946282        1.0887754245        0.3347394406        0.0246418683        0.0988775019        1.0165754457        0.3604306171        3.7792165132        0.5839768924        1.0237896665        0.3563187028        0.0230138715        0.0923644125        1.0704231351        0.3317651212        2.4421254859        0.5383386072
        0.6303030304   14   14   14        2.4708465952        0.5500551079        1.0852378088        0.3308570210        0.0348066988        0.0991525450        1.0219351744        0.3586702497        3.8502199240        0.5912798940        1.0306589910        0.3569024853        0.0322328870        0.0932783150        1.0696660008        0.3308494350        2.4407684468        0.5333940526
        0.6424242425   14   14   14        2.4940313610        0.5425485099        1.0803975249        0.3303538591        0.0478638202        0.1012475058        1.0246194358        0.3580186499        3.9511969062        0.6057229357        1.0357688344        0.3594569088        0.0417157468        0.0937207222        1.0666359143        0.3321890528        2.4590098253        0.5339835085
        0.6545454546   14   14   14        2.5312733117        0.5423708873        1.0775078212        0.3254505637        0.0633852660        0.1064097361        1.0266928173        0.3553555801        4.0596383835        0.6193834688        1.0431611453        0.3594787845        0.0528239531        0.0954298079        1.0666255483        0.3322841305        2.4907407256        0.5265129526
        0.6666666667   14   14   14        2.5681893501        0.5382265210        1.0759300722        0.3237196564        0.0784883205        0.1084167578        1.0277099965        0.3514320107        4.1608521361        0.6119169264        1.0487221908        0.3568120664        0.0674603158        0.1001434455        1.0693927041        0.3300947671        2.5311485178        0.5159863071
        0.6787878788   14   14   14        2.6109827910        0.5418084775        1.0750476322        0.3239454962        0.0909175513        0.1126613225        1.0273007285        0.3514565656        4.2524202359        0.6057499281        1.0474588428        0.3560393873        0.0816737740        0.1044078357        1.0684432454        0.3280606036        2.5722073949        0.5144786105
        0.6909090910   14   14   14        2.6423806020        0.5481236896        1.0784511398        0.3262598854        0.1008198358        0.1183709010        1.0275623030        0.3511751886        4.3172218104        0.6006688110        1.0495756444        0.3556139736        0.0910267993        0.1074785701        1.0692853288        0.3220761506        2.5950100538        0.5041601943
        0.7030303031   14   14   14        2.6491448548        0.5406654555        1.0880891291        0.3322647856        0.1089628788        0.1199506319        1.0379252582        0.3519114739        4.3545072391        0.6079171071        1.0524971826        0.3586795784        0.1005555936        0.1097873453        1.0729644649        0.3251866950        2.6118672751        0.4989666173
        0.7151515152   14   14   14        2.6603467012        0.5271796449        1.0985814290        0.3412894673        0.1154121950        0.1210327843        1.0515533694        0.3535001653        4.3934511787        0.6080208892        1.0550821272        0.3643663699        0.1108899895        0.1121248201        1.0777972142        0.3349222836        2.6403178793        0.5120212391
        0.7272727273   14   14   14        2.6981598264        0.5304822690        1.1063671518        0.3475725738        0.1230243935        0.1215895264        1.0626064732        0.3540924600        4.4582120215        0.6164958478        1.0640250987        0.3628418477        0.1193918595        0.1172912727        1.0881573165        0.3430738156        2.6857984198        0.5160310479
        0.7393939394   14   14   14        2.7531006188        0.5313489802        1.1101607797        0.3500524937        0.1296921644        0.1242160533        1.0714395966        0.3492208980        4.5415287684        0.6346319148        1.0756200040        0.3594003026        0.1280681029        0.1215443175        1.0964639011        0.3483111123        2.7436039486        0.5177029238
        0.7515151516   14   14   14        2.8259838255        0.5455356235        1.1140918955        0.3526782039        0.1375527917        0.1248849317        1.0766028316        0.3464614972        4.6469417042        0.6397497745        1.0829265680        0.3549321990        0.1347988657        0.1270257106        1.1036630643        0.3483484909        2.8025797859        0.5224734933
        0.7636363637   14   14   14        2.8885437435        0.5463105617        1.1264848731        0.3555675323        0.1412719155        0.1198850728        1.0914644872        0.3462103572        4.7496747635        0.6421413202        1.0924019019        0.3476188131        0.1418930767        0.1273645172        1.1167862242        0.3439624623        2.8664943332        0.5235780378
        0.7757575758   14   14   14        2.9581072246        0.5566440508        1.1401459284        0.3564002847        0.1448384967        0.1228913571        1.1022905147        0.3444267088        4.8371198823        0.6491708396        1.1013025130        0.3455961437        0.1467051368        0.1280834214        1.1281852385        0.3444533255        2.9308678984        0.5322046512
        0.7878787879   14   14   14        3.0431513213        0.5711303094        1.1541280134        0.3581925008        0.1543501795        0.1279460796        1.1095441307        0.3465222791        4.9286912667        0.6613861182        1.1072234761        0.3496478377        0.1543939719        0.1292978133        1.1393314197        0.3500555055        3.0138901452        0.5404510041
        0.8000000000   14   14   14        3.1362951974        0.5817508268        1.1736557418        0.3593163545        0.1608919534        0.1308599822        1.1178982822        0.3464676939        5.0233001130        0.6645165385        1.1197517776        0.3535208559        0.1550887651        0.1262981558        1.1526823585        0.3523994382        3.0916323539        0.5536002244
        0.8121212122   14   14   14        3.2388158808        0.5817828963        1.1884652550        0.3589385458        0.1634926085        0.1376564876        1.1275721923        0.3516559838        5.1467014551        0.6705517484        1.1356968916        0.3598130838        0.1595849392        0.1339980708        1.1747038379        0.3500925588        3.1969403730        0.5678568678
        0.8242424243   14   14   14        3.3531774087        0.5992555200        1.2023485214        0.3612159372        0.1697344561        0.1414422528        1.1414571501        0.3477852384        5.3047190286        0.6769541881        1.1472587793        0.3540224886        0.1663899202        0.1405733190        1.1908456128        0.3457620701        3.3145781602        0.5640077302
        0.8363636364   14   14   14        3.4696635929        0.6010987657        1.2224355203        0.3662973004        0.1791841665        0.1451909769        1.1577112536        0.3489547634        5.4504527416        0.6620973135        1.1597902489        0.3628459597        0.1709817468        0.1482097683        1.2060817160        0.3465233446        3.4154194338        0.5770883418
        0.8484848485   14   14   14        3.5806326785        0.6077696059        1.2397332120        0.3706750599        0.1852330093        0.1476802443        1.1821923532        0.3492825183        5.6242768435        0.6839596825        1.1780943918        0.3667429675        0.1784760346        0.1533999908        1.2280961690        0.3437472918        3.5238835444        0.6101242168
        0.8606060606   14   14   14        3.6860925409        0.6154579343        1.2667308446        0.3640869104        0.1899484827        0.1463967482        1.2075743709        0.3359479595        5.8173130328        0.6862459557        1.2058140568        0.3683608172        0.1917289597        0.1536484861        1.2463472894        0.3465995891        3.6523166604        0.6339638733
        0.8727272728   14   14   14        3.8129349174        0.6217681892        1.2983165306        0.3443218557        0.1959093082        0.1518758738        1.2444895557        0.3433638919        6.0081221452        0.6832009169        1.2439249906        0.3781300596        0.1920298941        0.1531169489        1.2822799979        0.3397573096        3.7802000582        0.6535076656
        0.8848484849   14   14   14        3.9307712417        0.6330727484        1.3306573164        0.3479071049        0.2092058430        0.1652672128        1.2855918955        0.3483730736        6.2099235474        0.7093581531        1.2793868060        0.3876874580        0.1949846835        0.1596765651        1.3228229761        0.3431365893        3.8992536705        0.6612740187
        0.8969696970   14   14   14        4.0560428525        0.6516736800        1.3696152418        0.3550481970        0.2213011139        0.1585469257        1.3343627377        0.3516450264        6.4210472819        0.7058595804        1.3199652278        0.3840332868        0.2107522142        0.1578609729        1.3710002959        0.3551301838        4.0361513406        0.6671870383
        0.9090909091   14   14   14        4.1857665052        0.6543582094        1.4019147225        0.3466586920        0.2294032950        0.1597426623        1.3734485469        0.3578090945        6.6425157824        0.7395529302        1.3682219633        0.3889413546        0.2211076441        0.1617286375        1.4175451921        0.3563440605        4.1766603303        0.6585710160
        0.9212121212   14   14   14        4.3094961633        0.6504443106        1.4520302071        0.3522708376        0.2399406190        0.1613422943        1.4222413336        0.3632540888        6.8632178916        0.7274045127        1.4160067609        0.3834649890        0.2405193215        0.1627837600        1.4585032771        0.3618140202        4.3222938776        0.6786244776
        0.9333333334   14   14   14        4.4737068244        0.6532168517        1.5085693448        0.3608726153        0.2486860327        0.1580607323        1.4692918689        0.3672864776        7.1152352759        0.7452971446        1.4655170348        0.3856501461        0.2465316518        0.1611056398        1.5048028355        0.3708744188        4.4724788271        0.6559524290
        0.9454545455   14   14   14        4.6279880031        0.6718847189        1.5664577881        0.3683263205        0.2689072869        0.1667424155        1.5370223623        0.3732255463        7.3762269774        0.7272951551        1.5455352373        0.3887151956        0.2559569848        0.1631039442        1.5759941727        0.3806265389        4.6489870665        0.6539606643
        0.9575757576   14   14   14        4.7969612378        0.6714264146        1.6474076797        0.3757291504        0.2819255239        0.1642322260        1.6261172676        0.3748413630        7.6713284497        0.7267332869        1.6197291430        0.3911474036        0.2796183592        0.1698892715        1.6547425046        0.3856568908        4.8186170318        0.6806918977
        0.9696969697   14   14   14        5.0097144439        0.7036885833        1.7395000131        0.3874594272        0.3003119957        0.1659589363        1.7279445631        0.4010074745        8.0535846381        0.7700098089        1.7427006290        0.4067892614        0.3087526817        0.1657242319        1.7688862229        0.4009896912        5.0458208709        0.6776453609
        0.9818181818   14   14   14        5.3023939964        0.6972025644        1.9006590547        0.4104686030        0.3287355487        0.1610495881        1.9142001848        0.4243004579        8.5538194567        0.7908488248        1.9006671020        0.4290865169        0.3327634451        0.1708230306        1.9111321037        0.4141680490        5.3389747780        0.7257934080
        0.9939393940   14   14   14        5.8851524897        0.7653674139        2.1198217733        0.4585923231        0.3387556090        0.1649652352        2.1369231037        0.4647311383        9.4585346227        0.8486081882        2.0964163063        0.4668557893        0.3412450011        0.1667580462        2.1287199432        0.4465859500        5.9041222489        0.7482769205
        1.0060606061   14   14   14        8.5311159693        0.6023148636        0.8241571392        0.1854977113        0.0064091501        0.0058290684        0.8230564001        0.1850302153       14.0760000693        0.6740619249        0.8176396623        0.1861375849        0.0064281492        0.0058267003        0.8184097849        0.1861314283        8.5142335787        0.5560996483
        1.0181818182   14   14   14        8.4661983632        0.5546603171        0.5982603767        0.1389431420        0.0007321179        0.0033981010        0.5975475937        0.1387100939       14.1182618864        0.6448261101        0.5936454670        0.1410575166        0.0007460809        0.0034017942        0.5940854464        0.1408681502        8.4572547643        0.5249821434
        1.0303030303   14   14   14        8.3636103148        0.5370579179        0.5022659347        0.1182922744       -0.0008669926        0.0027784893        0.5017168457        0.1181463959       14.0017877635        0.6383535523        0.4983189013        0.1206090540       -0.0008561615        0.0027801987        0.4986016516        0.1203622424        8.3576679491        0.5154829887
        1.0424242424   14   14   14        8.2699253120        0.5276275911        0.4423053891        0.1051036053       -0.0016970044        0.0024969403        0.4418484392        0.1050046142       13.8731707579        0.6369243497        0.4387274858        0.1074238546       -0.0016882320        0.0024970415        0.4389280746        0.1071581942        8.2656546470        0.5111488248
        1.0545454546   14   14   14        8.1869354798        0.5217879991        0.3992214687        0.0954852551       -0.0022334280        0.0023412726        0.3988217323        0.0954155087       13.7503803631        0.6372220567        0.3958898321        0.0977541494       -0.0022261534        0.0023403542        0.3960446405        0.0974842729        8.1837509545        0.5088570719
        1.0666666667   14   14   14        8.1132262343        0.5178617629        0.3658764563        0.0879596885       -0.0026226425        0.0022465198        0.3655142168        0.0879099436       13.6366368347        0.6381823737        0.3627278396        0.0901607126       -0.0026165155        0.0022449761        0.3628565888        0.0898929719        8.1108120947        0.5075494675
        1.0787878788   14   14   14        8.0472704613        0.5150719577        0.3388479747        0.0818086437       -0.0029258818        0.0021857773        0.3385111562        0.0817734918       13.5320074264        0.6393824453        0.3358451123        0.0839384022       -0.0029206596        0.0021838489        0.3359592432        0.0836756907        8.0454352675        0.5067695312
        1.0909090909   14   14   14        7.9878010689        0.5130067009        0.3162369245        0.0766290401       -0.0031736783        0.0021458251        0.3159178386        0.0766051285       13.4357783028        0.6406357900        0.3133557800        0.0786891719       -0.0031691860        0.0021436562        0.3134622927        0.0784327927        7.9864192638        0.5062914293
        1.1030303030   14   14   14        7.9338100884        0.5114273498        0.2968829540        0.0721722788       -0.0033831338        0.0021193990        0.2965764198        0.0721573357       13.3470864374        0.6418566639        0.2941068443        0.0741663348       -0.0033792382        0.0021170776        0.2942100577        0.0739167699        7.9327944403        0.5059931604
        1.1151515152   14   14   14        7.8844942686        0.5101866781        0.2800259099        0.0682741362       -0.0035642597        0.0021020595        0.2797284437        0.0682665766       13.2651061508        0.6430063716        0.2773428588        0.0702063293       -0.0035609198        0.0020996896        0.2774454561        0.0699636422        7.8837844833        0.5058048529
        1.1272727273   14   14   14        7.8392183397        0.5091891537        0.2651426440        0.0648205411       -0.0037249625        0.0020914434        0.2648517242        0.0648192533       13.1890951887        0.6440688411        0.2625429489        0.0666951220       -0.0037219740        0.0020889590        0.2626467701        0.0664591834        7.8387607818        0.5056838806
        1.1393939394   14   14   14        7.7974535087        0.5083708831        0.2518560262        0.0617289481       -0.0038686531        0.0020853901        0.2515699627        0.0617330655       13.1184106353        0.6450403974        0.2493325429        0.0635500336       -0.0038660129        0.0020828628        0.2494386064        0.0633205792        7.7972143906        0.5056048350
        1.1515151515   14   14   14        7.7587733917        0.5076874239        0.2398871943        0.0589377561       -0.0039989623        0.0020827874        0.2396047582        0.0589466206       13.0524924136        0.6459228098        0.2374339420        0.0607091759       -0.0039966179        0.0020802316        0.2375428895        0.0604858975        7.7587235675        0.5055510525
        1.1636363636   14   14   14        7.7228214935        0.5071072554        0.2290234678        0.0563997396       -0.0041182590        0.0020827658        0.2287437829        0.0564128311       12.9908568118        0.6467208618        0.2266354599        0.0581250168       -0.0041161674        0.0020801911        0.2267476476        0.0579075880        7.7229374043        0.5055119576
        1.1757575758   14   14   14        7.6892982852        0.5066075116        0.2190991548        0.0540778999       -0.0042283225        0.0020846964        0.2188215913        0.0540947968       12.9330845360        0.6474406111        0.2167721485        0.0557602517       -0.0042264481        0.0020821093        0.2168877360        0.0555483455        7.6895605788        0.5054807017
        1.1878787879   14   14   14        7.6579496030        0.5061712940        0.2099826996        0.0519427067       -0.0043305207        0.0020881145        0.2097068106        0.0519630615       12.8788107124        0.6480885065        0.2077130250        0.0535850610       -0.0043288340        0.0020855202        0.2078320434        0.0533783605        7.6583421589        0.5054528401
        1.2000000000   14   14   14        7.6285584605        0.5057859367        0.2015679512        0.0499702153       -0.0044259287        0.0020926718        0.2012934168        0.0499937358       12.8277170032        0.6486709520        0.1993523861        0.0515752335       -0.0044244049        0.0020900736        0.1994747776        0.0513734376        7.6290676104        0.5054255298
