# ta1 =         1.0000000000 mua =        -0.8001000000 m1 =         1.1001000000 eo1 =         5.0000000000 m2 =         0.7001000000 eo2 =        -0.5000000000 ta2 =         0.5000000000 ta3 =         0.4000000000
# ts =         1.0000000000 mus =        -1.0000000000 ds =         0.0010000000
# tn =         1.0000000000 mun =        -1.0000000000 minev/ds =         0.0000000001 maxev =         1.2000000000
# tna_pz =         0.5000000000 tna_ab =         0.5000000000 tna_px =         0.5000000000 tna_py =         0.5000000000 tna_dxy =         0.5000000000
# rtna_pz =         0.2500000000 rtna_ab =         0.2500000000 rtna_px =         0.2500000000 rtna_py =         0.2500000000 rtna_dxy =         0.2500000000
# tas_pz =         0.5000000000 tas_ab =         0.5000000000 tas_px =         0.5000000000 tas_py =         0.5000000000 tas_dxy =         0.5000000000
# rtas_pz =         0.2500000000 rtas_ab =         0.2500000000 rtas_px =         0.2500000000 rtas_py =         0.2500000000 rtas_dxy =         0.2500000000
# wid =   200 len =    40 wn =    20 wb1 =    10 wb2 =    60 wb3 =    60 wbs =     0 numr =  1000
# ev/ds, nc1, nc2, nc3, G11u_ave, G11u_var, G11d_ave, G11d_var, G21u_ave, G21u_var, G21d_ave, G21d_var, G31u_ave, G31u_var, G31d_ave, G31d_var, G12u_ave, G12u_var, G12d_ave, G12d_var, G22u_ave, G22u_var, G22d_ave, G22d_var, G32u_ave, G32u_var, G32d_ave, G32d_var, G13u_ave, G13u_var, G13d_ave, G13d_var, G23u_ave, G23u_var, G23d_ave, G23d_var, G33u_ave, G33u_var, G33d_ave, G33d_var
        0.0000000001   14   14   14        4.2948652234        0.1338963640        0.1341153463        0.1307767309       -0.0058215501        0.0382777878        4.1489287645        0.1501992575       -0.0030191750        0.0091425891        0.0029803876        0.0114147351        4.1670470298        0.1413374168       -0.0239398200        0.0729109944        4.5715004580        0.2937307899        4.5683926989        0.2860477349       -0.0253748400        0.0684159092        4.1687197689        0.1451970658        0.0031382843        0.0115465942       -0.0031770717        0.0092384899        4.1504259139        0.1564758081       -0.0070809816        0.0371980997        0.1310533636        0.1326906386        4.2948756150        0.1332252802
        0.0121212122   14   14   14        4.2754889820        0.1310294177        0.1464315090        0.1413089807       -0.0188820819        0.0468777971        4.1049429813        0.1593136823       -0.0006322242        0.0174471272        0.0046001918        0.0143158992        4.1815022623        0.1377460007       -0.0238605408        0.1055645862        4.6483990741        0.2658923411        4.6512016918        0.2640244883       -0.0216378281        0.0938122782        4.1809223403        0.1434650175        0.0042255782        0.0126444748       -0.0010305180        0.0134844293        4.1126818590        0.1550929638       -0.0182901557        0.0435571845        0.1400624054        0.1238473625        4.2762905161        0.1326359959
        0.0242424243   14   14   14        4.2716392972        0.1347250169        0.1956007954        0.1783467038       -0.0258046925        0.0633256147        4.0478108299        0.1668050875        0.0021572077        0.0262122174        0.0045813349        0.0186382350        4.1747589532        0.1388111804       -0.0268810004        0.1288905175        4.7746303593        0.2730714133        4.7776133759        0.2791470663       -0.0278065756        0.1200749612        4.1708504775        0.1458259596        0.0049493505        0.0181373250        0.0021044559        0.0260104444        4.0560381880        0.1670969142       -0.0246992195        0.0622116643        0.1891185919        0.1599519611        4.2727018389        0.1351865494
        0.0363636365   14   14   14        4.2721290176        0.1374806135        0.2621694345        0.2124848663       -0.0220265108        0.0686334203        3.9925129468        0.1794107874        0.0073631587        0.0335393146        0.0027832887        0.0217868542        4.1562071713        0.1457582112       -0.0291191954        0.1534357485        4.8813369792        0.2855051872        4.8903590089        0.2866984103       -0.0275592165        0.1488508016        4.1487451045        0.1491720392        0.0041973696        0.0216764974        0.0059874802        0.0328639940        4.0010391981        0.1847770016       -0.0219310910        0.0746976310        0.2556238902        0.2068469478        4.2768040814        0.1374380709
        0.0484848486   14   14   14        4.2633529399        0.1349972011        0.2973905436        0.2190102527       -0.0106342766        0.0747733902        3.9669960753        0.1831920290        0.0114093059        0.0453028766       -0.0002586488        0.0253273691        4.1521083742        0.1494680554       -0.0293876775        0.1518313486        4.8953816268        0.2862644863        4.9066151023        0.2821677541       -0.0259492787        0.1373994978        4.1443132951        0.1517824927        0.0010534497        0.0246447081        0.0098994866        0.0413202892        3.9763289239        0.1850703642       -0.0131239851        0.0772901607        0.2869761302        0.2224610896        4.2675830020        0.1399801117
        0.0606060607   14   14   14        4.2403721218        0.1377157062        0.3045466126        0.2350483583        0.0043155535        0.0788509145        3.9583761430        0.1932013351        0.0142335643        0.0482555142       -0.0040015159        0.0248033389        4.1596096179        0.1464479294       -0.0399830269        0.1524651038        4.8484340118        0.2927896825        4.8594884647        0.2928648145       -0.0307560353        0.1466175488        4.1577821567        0.1433630292       -0.0023471079        0.0254027830        0.0096485415        0.0440078529        3.9678611819        0.1874396716       -0.0001366642        0.0759400442        0.2869915733        0.2232181353        4.2429937701        0.1408591326
        0.0727272728   14   14   14        4.2117983946        0.1365203721        0.2887889234        0.2373642802        0.0197061186        0.0811129761        3.9635618500        0.1904793025        0.0141332441        0.0493163708       -0.0067130162        0.0230069645        4.1767744185        0.1400495037       -0.0450675872        0.1485973771        4.7539433122        0.2759220005        4.7587102901        0.2778143437       -0.0424302047        0.1504451031        4.1746448230        0.1383151431       -0.0059516568        0.0250852963        0.0116941038        0.0459246977        3.9678876675        0.1941875521        0.0158722287        0.0771801908        0.2815327437        0.2334899479        4.2159024218        0.1414307137
        0.0848484849   14   14   14        4.1838242787        0.1393170076        0.2671337488        0.2320946662        0.0256695900        0.0774857746        3.9665109568        0.1865918606        0.0160360852        0.0504188538       -0.0081147520        0.0224068597        4.1899801642        0.1349793573       -0.0422704710        0.1408859558        4.6672258558        0.2618994797        4.6679674765        0.2618073107       -0.0436215517        0.1399952408        4.1878874632        0.1344359068       -0.0074714525        0.0215586041        0.0156566338        0.0530250094        3.9691979880        0.1960473775        0.0267629112        0.0850181763        0.2712425940        0.2352092960        4.1905495847        0.1414582747
        0.0969696971   14   14   14        4.1623056797        0.1417939097        0.2441570390        0.2297200190        0.0195886556        0.0644218286        3.9620724319        0.1933687984        0.0164011782        0.0560700247       -0.0079339592        0.0223148762        4.1966493371        0.1330886666       -0.0350223037        0.1526309832        4.6133582783        0.2601905326        4.6049148707        0.2528776908       -0.0470754863        0.1600813612        4.1930395526        0.1345730456       -0.0084537055        0.0209599360        0.0190716574        0.0534113514        3.9589765686        0.2068623737        0.0247378413        0.0720088100        0.2642067989        0.2477777631        4.1709201524        0.1429357118
        0.1090909092   14   14   14        4.1526815090        0.1444373954        0.2396158033        0.2300817576        0.0102267543        0.0627178604        3.9486594715        0.1982233917        0.0175974576        0.0542344082       -0.0077695541        0.0235019797        4.1900586504        0.1356086554       -0.0165691192        0.1635245261        4.5944498039        0.2656090991        4.5833535374        0.2494202562       -0.0280240500        0.1627594055        4.1896999861        0.1340439186       -0.0083510615        0.0232851195        0.0184159009        0.0525994518        3.9525191223        0.2003698139        0.0155967891        0.0672864794        0.2481496329        0.2366801645        4.1583050038        0.1476019626
        0.1212121213   14   14   14        4.1553012119        0.1504524420        0.2397525037        0.2199843007       -0.0066216542        0.0582449623        3.9363104049        0.1876071637        0.0237340203        0.0628894283       -0.0036493254        0.0258164165        4.1626783344        0.1438807972        0.0293829939        0.1675381460        4.6186273898        0.2614507327        4.6060795598        0.2519660798        0.0187006993        0.1586498524        4.1645438623        0.1409396527       -0.0047339313        0.0282411926        0.0233691675        0.0551837427        3.9416561648        0.1897943874       -0.0026241939        0.0618903984        0.2420821743        0.2170944024        4.1582594572        0.1510948912
        0.1333333334   14   14   14        4.1661749892        0.1529616040        0.2504197029        0.1953711748       -0.0248179151        0.0565894300        3.9189892637        0.1768833874        0.0279724664        0.0595950230       -0.0000794279        0.0277646969        4.1290368584        0.1480950107        0.0716705968        0.1542939173        4.6692171298        0.2707437920        4.6537614425        0.2601002147        0.0566095857        0.1636149900        4.1294315334        0.1449541373       -0.0011690510        0.0294701795        0.0300971518        0.0616306949        3.9168301879        0.1820417164       -0.0189748449        0.0621430452        0.2636455880        0.2160824560        4.1681844175        0.1550575646
        0.1454545455   14   14   14        4.1621560158        0.1544902579        0.2516567061        0.2011183272       -0.0281111295        0.0558346245        3.9112584863        0.1805128888        0.0288481753        0.0628814628       -0.0000221224        0.0273519530        4.1115206537        0.1502284130        0.0661913477        0.1498269668        4.6461273749        0.2614161550        4.6395051571        0.2629658303        0.0628160074        0.1502428279        4.1147675155        0.1478815576        0.0005914979        0.0299579157        0.0294748245        0.0622614243        3.9141322365        0.1808703692       -0.0263621091        0.0606707439        0.2546737165        0.2058206126        4.1662847702        0.1558632405
        0.1575757577   14   14   14        4.1356765151        0.1523487447        0.2024291488        0.1652872417       -0.0238885462        0.0461528978        3.9318093688        0.1729283562        0.0232996027        0.0533975494        0.0008490537        0.0202657368        4.1203604633        0.1506768097        0.0450284249        0.1329122641        4.5518951600        0.2479434117        4.5434220864        0.2477483141        0.0385869997        0.1325228500        4.1223921130        0.1446477612       -0.0001877010        0.0223032846        0.0242921827        0.0503692690        3.9356751913        0.1767257682       -0.0218116471        0.0456613809        0.2062917589        0.1696168600        4.1392987139        0.1525646156
        0.1696969698   14   14   14        4.1122378707        0.1499064149        0.1850890809        0.1621775057       -0.0133495456        0.0370006217        3.9416135795        0.1701140853        0.0262466654        0.0579513631       -0.0015676702        0.0156775582        4.1209908327        0.1484131981        0.0286642054        0.1134885317        4.4769899905        0.2267730460        4.4716280741        0.2227514307        0.0242156211        0.1161001235        4.1219041653        0.1447190934       -0.0012856144        0.0169394633        0.0256635030        0.0556554939        3.9446948949        0.1707435308       -0.0143465941        0.0361028468        0.1851875827        0.1571581253        4.1172799542        0.1522362394
        0.1818181819   14   14   14        4.1108507012        0.1508332815        0.2254407188        0.1876483596       -0.0075888753        0.0380416571        3.9172867435        0.1755456797        0.0364407060        0.0763435054       -0.0030249306        0.0175153758        4.0978221411        0.1494420827        0.0315881465        0.1268097480        4.4943614066        0.2324216396        4.4909987502        0.2284540725        0.0282485865        0.1293385199        4.0978452373        0.1471524479       -0.0038442887        0.0209826003        0.0401942433        0.0739991362        3.9206138732        0.1769723095       -0.0059400760        0.0447995047        0.2348267540        0.1976599937        4.1173421712        0.1550245254
        0.1939393940   14   14   14        4.1185362800        0.1543366748        0.2950291702        0.2135568521        0.0014025504        0.0524806395        3.8786338298        0.1812489667        0.0475723173        0.0806339758       -0.0061518525        0.0213905476        4.0686456237        0.1524828433        0.0388597309        0.1381795431        4.5575873795        0.2497617587        4.5463291572        0.2549584786        0.0313583448        0.1448060585        4.0724024598        0.1470293505       -0.0072772277        0.0223239612        0.0524594406        0.0830203725        3.8823166370        0.1824755360        0.0055196033        0.0571046633        0.3079899874        0.2169229549        4.1250503527        0.1557441240
        0.2060606061   14   14   14        4.1311610354        0.1584247546        0.3817494207        0.2429651886        0.0206216260        0.0700199524        3.8310089997        0.1893955073        0.0491468427        0.0797248113       -0.0118288996        0.0302939269        4.0403657516        0.1503760946        0.0280117988        0.1505521979        4.6406225903        0.2660376701        4.6175147808        0.2674019860        0.0096507822        0.1445509938        4.0451125975        0.1483947873       -0.0120664818        0.0287513477        0.0555888519        0.0820892663        3.8329041747        0.1931597564        0.0242186409        0.0690030877        0.3976649570        0.2468975924        4.1386951598        0.1625120547
        0.2181818183   14   14   14        4.1459282892        0.1611500949        0.4785732012        0.2608695386        0.0510221217        0.0950069916        3.7838264120        0.1958850647        0.0465937471        0.0799168439       -0.0188554545        0.0357103868        4.0126700092        0.1504625265        0.0026087505        0.1465675870        4.7267083068        0.2788030804        4.7105800769        0.2772638516       -0.0112370932        0.1453043545        4.0149523984        0.1495590987       -0.0184356680        0.0345813808        0.0521636481        0.0806593033        3.7893482707        0.1951050312        0.0479098658        0.0877777755        0.4833555187        0.2621487451        4.1541946067        0.1680562832
        0.2303030304   14   14   14        4.1470809253        0.1685150903        0.5063162778        0.2653066315        0.0637523843        0.1006287021        3.7686941503        0.1932585701        0.0446623320        0.0796798264       -0.0195038665        0.0366755044        3.9833702531        0.1514576007       -0.0031072184        0.1410444553        4.7770480588        0.2932191083        4.7736723786        0.2838844031       -0.0017085620        0.1423062225        3.9881239162        0.1485413687       -0.0191934232        0.0394513703        0.0417920339        0.0699025070        3.7790407536        0.1898949796        0.0586862162        0.0985259265        0.4994493559        0.2621748340        4.1588803246        0.1775380824
        0.2424242425   14   14   14        4.1452547965        0.1757622875        0.4678984770        0.2480276786        0.0526424578        0.1035195860        3.7752506753        0.1844191102        0.0303955293        0.0734760614       -0.0148563468        0.0410596682        3.9542425761        0.1560936709       -0.0014354298        0.1263266843        4.8051269031        0.2907124185        4.8000886770        0.2868449522        0.0033538383        0.1231495159        3.9640701856        0.1561702972       -0.0129521428        0.0390626547        0.0253859267        0.0694757919        3.7885774175        0.1883546953        0.0416954100        0.0891985581        0.4464722143        0.2338239185        4.1550161982        0.1819650733
        0.2545454546   14   14   14        4.1592348724        0.1884586879        0.4206657964        0.2184517803        0.0244986554        0.0997417439        3.7780905532        0.1763308742        0.0072097616        0.0561400597       -0.0078130601        0.0502516644        3.9200813831        0.1577210643        0.0024922680        0.1102846960        4.8481779958        0.2959146175        4.8269104416        0.2922770250       -0.0090770859        0.1071625178        3.9297795830        0.1598446890       -0.0061915219        0.0448443990        0.0050316811        0.0620821348        3.7795121627        0.1870726692        0.0198184369        0.0908263651        0.4186804226        0.2152079841        4.1671509455        0.1959547374
        0.2666666667   14   14   14        4.1299687195        0.1836819675        0.3515043358        0.1909445438        0.0096611718        0.0910711206        3.7880741787        0.1743613896        0.0003520044        0.0527661092        0.0004033812        0.0449385291        3.9148168785        0.1588369301        0.0083281176        0.0978060665        4.8015885269        0.2924674067        4.7772537663        0.2841351406       -0.0069375109        0.0929545998        3.9238860107        0.1565225503        0.0001990264        0.0463789970        0.0014657326        0.0504334598        3.7903844011        0.1828332548        0.0086134725        0.0942763169        0.3565478771        0.1989963766        4.1370520996        0.1922938120
        0.2787878789   14   14   14        4.0757333772        0.1819021938        0.2931175260        0.1759034238        0.0097738036        0.0753776769        3.7958659585        0.1750712526        0.0067336143        0.0410868939        0.0032573131        0.0327741577        3.9290287354        0.1557578670        0.0060613121        0.0978562364        4.6931279422        0.2690122031        4.6863229646        0.2731550109        0.0058017167        0.0882932167        3.9355741202        0.1559315980        0.0068337734        0.0335992576        0.0055889458        0.0412405439        3.8010762581        0.1788169773        0.0022204375        0.0745667936        0.2850435326        0.1780306255        4.0851441817        0.1827125541
        0.2909090910   14   14   14        4.0620065211        0.1822995126        0.2909530288        0.1669021256       -0.0042451953        0.0670181422        3.7732678497        0.1761613842        0.0121949103        0.0434203232        0.0057353576        0.0303148828        3.9137613992        0.1585285147        0.0216260760        0.1004894980        4.6927060846        0.2852723197        4.6862996060        0.2868349165        0.0232388146        0.1028900320        3.9217806166        0.1566420278        0.0095672455        0.0305105033        0.0103905443        0.0434239885        3.7806460746        0.1788632453       -0.0114289525        0.0681715593        0.2863351958        0.1746583266        4.0775869243        0.1830405106
        0.3030303031   14   14   14        4.0729808492        0.1757950434        0.2896582870        0.1557672896       -0.0285456075        0.0615103486        3.7552518493        0.1753862146        0.0119294260        0.0408540688        0.0114545313        0.0297427308        3.8924834189        0.1588048805        0.0517788445        0.1027013723        4.7542377287        0.2930480677        4.7416311153        0.2911353182        0.0465175509        0.1054294533        3.8998287386        0.1597412002        0.0126539078        0.0319063381        0.0132839071        0.0404318057        3.7622313981        0.1780428562       -0.0309882478        0.0673976156        0.2912630644        0.1580604217        4.0838527111        0.1832506229
        0.3151515152   14   14   14        4.0972989803        0.1763245376        0.3153315001        0.1493681838       -0.0515598670        0.0679303396        3.7237992665        0.1767513298        0.0115306868        0.0398221083        0.0181390348        0.0337200283        3.8644691365        0.1600130604        0.0681668253        0.1057055692        4.8336764788        0.2917693753        4.8328945161        0.2918163846        0.0750055670        0.1103781963        3.8720898410        0.1608915981        0.0176915258        0.0339123099        0.0118777751        0.0373591546        3.7363565495        0.1761402608       -0.0544791250        0.0691056552        0.3122782314        0.1491960306        4.1089276566        0.1807790775
        0.3272727273   14   14   14        4.1303692800        0.1781709813        0.3565241770        0.1649332743       -0.0673944111        0.0705457486        3.6936750029        0.1792415002        0.0081553645        0.0414037032        0.0209310547        0.0380822449        3.8482654211        0.1652932802        0.0730540633        0.1159575248        4.9128453415        0.2863925232        4.8994163849        0.2831990275        0.0729239535        0.1229836517        3.8615642728        0.1635332053        0.0190994268        0.0382028053        0.0092900788        0.0418963968        3.7040489443        0.1840839334       -0.0644075968        0.0728931669        0.3612073074        0.1732335671        4.1394731938        0.1802153496
        0.3393939395   14   14   14        4.1633130473        0.1852772401        0.3890945882        0.1684526306       -0.0797031770        0.0809688081        3.6721375368        0.1773536829       -0.0005091306        0.0414389533        0.0218686132        0.0453546922        3.8520805296        0.1730711338        0.0537961224        0.1185867947        4.9670103952        0.2818454969        4.9511489682        0.2836058595        0.0508082783        0.1206383996        3.8649541256        0.1698225865        0.0196270340        0.0476218524        0.0009849755        0.0422515909        3.6733850968        0.1874829904       -0.0784917225        0.0840848222        0.4029479528        0.1839316830        4.1734668374        0.1849968514
        0.3515151516   14   14   14        4.2045761370        0.1938020173        0.4388996272        0.1838965396       -0.0879832740        0.0881943430        3.6451667299        0.1822954047       -0.0120675205        0.0539533894        0.0204590267        0.0564815120        3.8466542561        0.1744498754        0.0195929651        0.1178949552        5.0016018098        0.2743772483        4.9866756843        0.2770905020        0.0198592740        0.1219150355        3.8618466413        0.1694361774        0.0144215660        0.0565469108       -0.0088557324        0.0535712642        3.6491344773        0.1829393899       -0.0815993996        0.0926675794        0.4567547472        0.2019522437        4.2107659106        0.1968387848
        0.3636363637   14   14   14        4.2327284806        0.1917780030        0.4906153056        0.2029780158       -0.0788124944        0.0964273875        3.6355445667        0.1862424377       -0.0150880181        0.0615991723        0.0126680953        0.0541511176        3.8431862043        0.1715059914       -0.0061252146        0.1198261257        5.0068758939        0.2853096826        5.0067288497        0.2784935380       -0.0002523270        0.1238058059        3.8492061363        0.1715873495        0.0099352914        0.0550955257       -0.0151724322        0.0548343686        3.6374921810        0.1926314589       -0.0801206022        0.1003974991        0.5018296208        0.2159082379        4.2445501272        0.1959583383
        0.3757575758   14   14   14        4.2945444124        0.2009827020        0.6078084571        0.2502383129       -0.0591278837        0.1061281462        3.6032568625        0.1988900040       -0.0207661193        0.0747647154        0.0035850899        0.0641599155        3.8124533728        0.1738084554       -0.0247239788        0.1299240274        5.0714884710        0.2969943380        5.0636044814        0.2848048828       -0.0263410583        0.1305096603        3.8187202829        0.1767788235        0.0002702435        0.0653023945       -0.0170862649        0.0709129122        3.6030176853        0.2028219363       -0.0628021676        0.1113797731        0.6186643424        0.2569361150        4.3018407036        0.2005926605
        0.3878787879   14   14   14        4.3458593005        0.2051932348        0.7215692364        0.2640137055       -0.0385767879        0.1096345510        3.5703842424        0.1870782416       -0.0239560141        0.0824761815       -0.0086269808        0.0713494207        3.7846441647        0.1719332803       -0.0461595019        0.1324658072        5.1192327916        0.2866981008        5.1185682922        0.2926681177       -0.0429043792        0.1395399703        3.7885637869        0.1807658918       -0.0065923652        0.0690514393       -0.0236201755        0.0838330832        3.5689948333        0.2007362319       -0.0450349469        0.1099440126        0.7254246529        0.2603645932        4.3564822435        0.2125059815
        0.4000000001   14   14   14        4.3667842370        0.2059994901        0.7732023858        0.2636795418       -0.0264660608        0.1113616066        3.5549920516        0.1933578005       -0.0257542546        0.0833210064       -0.0136305161        0.0721859694        3.7765511138        0.1741346197       -0.0562331769        0.1368878605        5.1278251697        0.2789208359        5.1285760558        0.2829275137       -0.0528699721        0.1325219295        3.7791634325        0.1738302446       -0.0109769942        0.0715367047       -0.0300442595        0.0821641777        3.5606303781        0.1999731996       -0.0304159717        0.1133691456        0.7618896906        0.2623112365        4.3720033058        0.2157942786
        0.4121212122   14   14   14        4.3442060345        0.2031972504        0.7178788922        0.2517707502       -0.0241318167        0.1068054404        3.5872944209        0.1947224753       -0.0232901385        0.0777332703       -0.0083914770        0.0678750936        3.7966445611        0.1688193187       -0.0453478899        0.1413052990        5.0962454855        0.2832970810        5.0953544997        0.2914292956       -0.0407109911        0.1276822539        3.8021714726        0.1743749501       -0.0032483367        0.0642156568       -0.0227701031        0.0817299593        3.5933001629        0.2032224115       -0.0264092989        0.1102932446        0.7083566951        0.2618532255        4.3475877368        0.2087753903
        0.4242424243   14   14   14        4.3412776445        0.2045566745        0.6420875041        0.2514984537       -0.0299574178        0.1047075173        3.6427545665        0.1936758589       -0.0230039872        0.0696296895        0.0034741704        0.0608100765        3.8167919875        0.1675008585       -0.0279140824        0.1279794597        5.0667275460        0.2815989518        5.0617174429        0.2707418177       -0.0289284879        0.1279689552        3.8207876844        0.1728348838        0.0087289251        0.0606790344       -0.0190043644        0.0717333437        3.6456922210        0.1988339262       -0.0373882567        0.1046479035        0.6330966428        0.2517253197        4.3439104103        0.2053268915
        0.4363636364   14   14   14        4.3808822047        0.2055606699        0.5720155789        0.2305311026       -0.0556659077        0.0972660638        3.7047084900        0.1899110434       -0.0247122765        0.0645303830        0.0237799535        0.0598371038        3.8144655831        0.1765999985       -0.0089559030        0.1163088153        5.0648803579        0.2641856430        5.0523585662        0.2605283555       -0.0117736202        0.1141475660        3.8241696698        0.1798033990        0.0258968977        0.0628396038       -0.0222173379        0.0627841608        3.7042239041        0.1946583305       -0.0564766474        0.1011209796        0.5770771872        0.2392667654        4.3858919747        0.2046065959
        0.4484848485   14   14   14        4.4584342826        0.2163436490        0.5502692349        0.2139984076       -0.0906539667        0.1066911457        3.7387438966        0.1935105827       -0.0312826712        0.0586347000        0.0474838531        0.0704931411        3.7689617980        0.1827956271        0.0096758087        0.1029625269        5.1164235789        0.2754802612        5.1018833175        0.2630812276        0.0096906103        0.1003898389        3.7835160625        0.1840768909        0.0502463158        0.0706194814       -0.0315880266        0.0571856781        3.7397520355        0.2015107545       -0.0888984862        0.1014083759        0.5543737001        0.2251408692        4.4648584362        0.2136035578
        0.4606060607   14   14   14        4.5346655363        0.2176156562        0.5647664903        0.1957301890       -0.1224612906        0.1078348846        3.7389452376        0.1960648942       -0.0396587436        0.0568630060        0.0688337746        0.0769528303        3.7098549956        0.1902715130        0.0265283890        0.0976355078        5.2109023526        0.2720446099        5.1920897073        0.2687979731        0.0250384332        0.0972116518        3.7271776845        0.1888414362        0.0683657729        0.0751589596       -0.0398721503        0.0566901246        3.7473928574        0.1911566726       -0.1179232606        0.1047283265        0.5636821900        0.2078649488        4.5372362312        0.2138339782
        0.4727272728   14   14   14        4.5659327472        0.2148720009        0.5621173068        0.1996500008       -0.1434588435        0.1122575632        3.7383909375        0.1974162807       -0.0428570572        0.0536649879        0.0791086040        0.0760399316        3.6772354856        0.1946044952        0.0360163168        0.1025583163        5.2829567322        0.2835588713        5.2662579431        0.2694592004        0.0371498688        0.0988711335        3.6950678275        0.1875532935        0.0782754254        0.0727606634       -0.0462945015        0.0541282460        3.7360206722        0.1901967338       -0.1415392090        0.1065548745        0.5558198896        0.1927687003        4.5579496842        0.2130971547
        0.4848484849   14   14   14        4.5726589921        0.2121605782        0.5389923348        0.1841044208       -0.1586025608        0.1066899047        3.7460919510        0.1920135540       -0.0424115045        0.0473470760        0.0865618457        0.0736416333        3.6637420310        0.1925376435        0.0454229296        0.0981587574        5.3189400792        0.2829629007        5.3004568981        0.2664480628        0.0472989083        0.1001537293        3.6841042431        0.1911595439        0.0902902592        0.0753856696       -0.0456043931        0.0471031773        3.7376621562        0.1959661163       -0.1599141911        0.1032463135        0.5367034377        0.1836983057        4.5701792556        0.2174955115
        0.4969696970   14   14   14        4.6088817676        0.2065829434        0.5324350042        0.1870036665       -0.1772371197        0.1061676570        3.7489286342        0.1939917835       -0.0410684644        0.0452800193        0.1092125447        0.0753298985        3.6469195893        0.1946029775        0.0683409282        0.1006125084        5.3644316056        0.2953076777        5.3418826462        0.2857497980        0.0614197889        0.0984363592        3.6625474121        0.1997857303        0.1079935752        0.0738514546       -0.0382856370        0.0456806680        3.7425336646        0.1947719164       -0.1683086167        0.1043399499        0.5505505844        0.1881082340        4.6076720769        0.2140932506
        0.5090909091   14   14   14        4.6388951843        0.2065640693        0.5459343875        0.1847786655       -0.1878839138        0.1030269641        3.7442103951        0.1909758562       -0.0336788107        0.0422739317        0.1271876529        0.0750200797        3.6361229685        0.2002185163        0.0915598619        0.1057176431        5.4453219178        0.2942542060        5.4325237435        0.2823767873        0.0830426229        0.0995037780        3.6404039124        0.1987855175        0.1329568439        0.0737137945       -0.0334561080        0.0424170763        3.7353080326        0.1919182861       -0.1889577075        0.1015006932        0.5610078640        0.1855191987        4.6516865261        0.2145327784
        0.5212121213   14   14   14        4.6632704320        0.2153262353        0.5529955939        0.1832436129       -0.2025992803        0.0952534205        3.7332370368        0.1934965355       -0.0309210765        0.0401269480        0.1435174445        0.0733016348        3.6398453230        0.1978956994        0.0937637987        0.0954286038        5.5234394106        0.3070400246        5.5181794216        0.2991840708        0.0928866122        0.0996175495        3.6442281254        0.1990613597        0.1474363198        0.0761035778       -0.0299194020        0.0364193962        3.7333046973        0.1966270526       -0.2059849556        0.1013207511        0.5600765901        0.1836122270        4.6767219648        0.2188457761
        0.5333333334   14   14   14        4.6947748513        0.2208682808        0.5721198746        0.1841931514       -0.2280113046        0.0964910815        3.7079875172        0.1930943813       -0.0289092965        0.0368491557        0.1577468593        0.0765806924        3.6221498038        0.2008844146        0.0890982108        0.0978233631        5.6267190649        0.3000674704        5.6131609620        0.2986757300        0.0873516865        0.0956529561        3.6339613829        0.1991089890        0.1546566098        0.0746560852       -0.0302616362        0.0376907795        3.7142328788        0.1966662986       -0.2224080617        0.0966882328        0.5714648322        0.1848160852        4.6930240183        0.2284896373
        0.5454545455   14   14   14        4.7185107564        0.2181110334        0.6065974272        0.1897383772       -0.2473264006        0.0999540895        3.6665679596        0.2016625657       -0.0316719436        0.0394887049        0.1663470252        0.0763004982        3.5890382411        0.2069306831        0.0708749100        0.0944784495        5.7015739261        0.3059760672        5.6931726246        0.3039846403        0.0703481213        0.0917349054        3.5969127538        0.2059954999        0.1646719289        0.0766276561       -0.0333742169        0.0406933683        3.6790075133        0.2038222694       -0.2424317811        0.1012738803        0.6025759936        0.1900459296        4.7220614344        0.2267278532
        0.5575757576   14   14   14        4.7603059694        0.2205479734        0.6362513094        0.1875062406       -0.2519760112        0.1013124406        3.6566743707        0.1990157358       -0.0364494079        0.0405441684        0.1789548700        0.0788419414        3.5568668032        0.2073998505        0.0507906203        0.0961241735        5.7376001738        0.3095184894        5.7349140460        0.3106567352        0.0509112084        0.0953418413        3.5596735186        0.2097371908        0.1784476138        0.0804256370       -0.0376513540        0.0412994585        3.6607602100        0.2036831769       -0.2537254427        0.1096572219        0.6263628786        0.1923342656        4.7569474992        0.2289084818
        0.5696969697   14   14   14        4.7982194172        0.2259411155        0.6288566059        0.1837140726       -0.2548181093        0.1014581533        3.6844913275        0.2002640591       -0.0384881471        0.0410330887        0.1915652293        0.0781897323        3.5398197633        0.2106850991        0.0395174343        0.0963996977        5.7382601868        0.3096167876        5.7296707701        0.2999263856        0.0402093247        0.0939988974        3.5491010717        0.2115108994        0.1860543019        0.0785140898       -0.0394962413        0.0406659773        3.6873968034        0.2023238158       -0.2497898517        0.1011685499        0.6213781380        0.1847266005        4.7841153370        0.2249041936
        0.5818181819   14   14   14        4.8180186433        0.2251149107        0.6237613772        0.1819514338       -0.2477334185        0.1015581909        3.7139294283        0.2016533241       -0.0379853986        0.0423729274        0.1946090148        0.0797209446        3.5230732807        0.2115369957        0.0311558594        0.0936470603        5.7132958562        0.3122704313        5.7040778941        0.3015310668        0.0310735001        0.0964243008        3.5322088886        0.2133972956        0.1947927967        0.0824687174       -0.0399259623        0.0410248784        3.7146962007        0.2088594330       -0.2479036674        0.1040895682        0.6181736844        0.1892817240        4.8154923142        0.2315292445
        0.5939393940   14   14   14        4.8276122772        0.2323860847        0.6080938661        0.1866513150       -0.2510110925        0.1054570495        3.7202314822        0.2126639277       -0.0396799912        0.0390026381        0.2085958449        0.0858021702        3.5057876744        0.2127851844        0.0244211796        0.0943699441        5.6767843622        0.3208617962        5.6696776776        0.3142522911        0.0234480453        0.0943306487        3.5119212249        0.2196920014        0.2051278030        0.0845407629       -0.0394260361        0.0391266450        3.7195525107        0.2140361517       -0.2427275723        0.1036547132        0.6115849046        0.1790666230        4.8184188270        0.2343311951
        0.6060606061   14   14   14        4.8332486140        0.2439093393        0.5950813633        0.1738745565       -0.2620335075        0.1043090842        3.7104056666        0.2092994795       -0.0417573112        0.0376796400        0.2239707655        0.0893145440        3.4917848597        0.2132911682        0.0202497551        0.0865840558        5.6833785960        0.3125380474        5.6730448266        0.3041891311        0.0166216741        0.0913523836        3.4984905482        0.2064952484        0.2240449417        0.0888062020       -0.0392091128        0.0379828214        3.7130085877        0.2095625800       -0.2568739009        0.1011420537        0.6019774749        0.1729155577        4.8351140179        0.2384958907
        0.6181818182   14   14   14        4.8388039155        0.2460403032        0.5753679315        0.1706475636       -0.2724326999        0.1004864383        3.7105344155        0.2127831807       -0.0402748357        0.0340423964        0.2401941076        0.0903314586        3.4894119213        0.2135099333        0.0188614191        0.0899969136        5.7104502849        0.3043336462        5.7038662589        0.3101045110        0.0190690894        0.0859623671        3.4962035227        0.2155434254        0.2426935804        0.0945928850       -0.0402733137        0.0362100644        3.7045550202        0.2083878798       -0.2724714440        0.1050228643        0.5728474115        0.1697441596        4.8328408266        0.2533168812
        0.6303030304   14   14   14        4.8590071712        0.2473193934        0.5575444300        0.1622177660       -0.2831534588        0.1020065097        3.7183824567        0.2165042028       -0.0401447621        0.0333231805        0.2597820636        0.0959778938        3.4906952051        0.2179302883        0.0208558096        0.0839499701        5.7339774852        0.3076152820        5.7338549130        0.3064071935        0.0224579896        0.0804155316        3.4924199572        0.2194446366        0.2612661119        0.0949752705       -0.0396970042        0.0317665382        3.7114185949        0.2066870502       -0.2842698310        0.1044761879        0.5586786527        0.1690459149        4.8553301947        0.2539252962
        0.6424242425   14   14   14        4.9116575830        0.2633787561        0.5473453380        0.1625455616       -0.2994566334        0.1104553889        3.7320350719        0.2091462766       -0.0405977457        0.0339584323        0.2922224932        0.1076986309        3.4862888912        0.2245586738        0.0300062701        0.0818151566        5.7781443152        0.3008831697        5.7657258677        0.3128293404        0.0279131543        0.0734595934        3.4966142603        0.2177348184        0.2887054020        0.1027577489       -0.0405229350        0.0311642061        3.7301853017        0.2062210298       -0.2949143902        0.1025314927        0.5520140714        0.1675992020        4.9063425225        0.2550469514
        0.6545454546   14   14   14        4.9735194819        0.2649247927        0.5370295144        0.1521991725       -0.3151922627        0.1086741547        3.7487858012        0.2135279534       -0.0443719723        0.0359851819        0.3281399312        0.1118205536        3.4821780748        0.2187024128        0.0311130350        0.0737823566        5.7950533449        0.3023326153        5.7861716418        0.2944901759        0.0275439897        0.0733377471        3.4874907326        0.2155889122        0.3277365670        0.1126389616       -0.0433710597        0.0329807770        3.7384262610        0.2043061847       -0.3099604571        0.1026278083        0.5432909328        0.1646582943        4.9627852778        0.2608439269
        0.6666666667   14   14   14        5.0071782612        0.2678341886        0.5170513772        0.1559811374       -0.3306976759        0.1063383537        3.7465690381        0.2157673087       -0.0458956581        0.0315404411        0.3669645120        0.1233103713        3.4842952731        0.2271145030        0.0268171966        0.0681531376        5.7896850092        0.3041219011        5.7845947695        0.3067968851        0.0235172643        0.0689932146        3.4860855807        0.2167094880        0.3669741258        0.1183445689       -0.0475007521        0.0315728933        3.7435744697        0.2115367682       -0.3269032478        0.1061329538        0.5223564630        0.1569618499        5.0073090587        0.2680541181
        0.6787878788   14   14   14        5.0160134731        0.2775530778        0.4949242022        0.1487165934       -0.3431247592        0.1063448947        3.7357810461        0.2099917327       -0.0498118580        0.0317643493        0.3923716063        0.1244250298        3.4836101964        0.2313645777        0.0215367338        0.0678239374        5.7696085774        0.3003523627        5.7549073694        0.3067796185        0.0158482763        0.0642548641        3.4926229502        0.2239998849        0.3964620612        0.1218148630       -0.0502374258        0.0322926086        3.7312622781        0.2169159319       -0.3382154846        0.1072175951        0.4997549055        0.1549876560        5.0159321544        0.2725850669
        0.6909090910   14   14   14        4.9925571385        0.2744138697        0.4767037753        0.1512417890       -0.3531227111        0.1090125012        3.7022330823        0.2185683064       -0.0524157614        0.0341540182        0.4080818096        0.1235883188        3.4991560048        0.2299018052        0.0156827062        0.0629067933        5.7440271719        0.3043969629        5.7312264645        0.3090320572        0.0121245267        0.0581247639        3.5083985328        0.2216461803        0.4064013723        0.1209261455       -0.0498538991        0.0305279741        3.7157656830        0.2192183075       -0.3452918739        0.1094175554        0.4770427948        0.1481961608        4.9943556222        0.2731341349
        0.7030303031   14   14   14        4.9580561922        0.2754303381        0.4607377447        0.1417411477       -0.3613593464        0.1144697790        3.6689092617        0.2173620224       -0.0525217841        0.0333635954        0.4145280550        0.1197149971        3.5076608068        0.2270092273        0.0165256930        0.0577838152        5.7411170337        0.3094672430        5.7373573048        0.3212370765        0.0120282936        0.0590577710        3.5069231357        0.2355387003        0.4165013403        0.1260645274       -0.0495053435        0.0312138664        3.6723370868        0.2166190544       -0.3571866146        0.1154876102        0.4635116554        0.1446558242        4.9590420418        0.2811307709
        0.7151515152   14   14   14        4.9357891838        0.2743730670        0.4718103468        0.1421456037       -0.3753693233        0.1155681613        3.6166756909        0.2126506558       -0.0525482710        0.0311413557        0.4193855505        0.1208194792        3.4906416818        0.2294018648        0.0182917273        0.0599424244        5.7979129853        0.3320582504        5.7700598449        0.3086975187        0.0079232346        0.0603712363        3.5081263308        0.2381430591        0.4335632119        0.1239281756       -0.0511149120        0.0312731008        3.6245720900        0.2218434706       -0.3692164622        0.1137614801        0.4731756175        0.1482935312        4.9516422940        0.2845946544
        0.7272727273   14   14   14        4.9376322050        0.3038648278        0.5006981792        0.1537997092       -0.3819674938        0.1237624998        3.5748503167        0.2197896427       -0.0518778520        0.0324517670        0.4282383524        0.1257648556        3.4641170995        0.2350647706        0.0150722941        0.0625014327        5.8461650231        0.3232826254        5.8311560373        0.3260729258        0.0108374991        0.0603360295        3.4748912951        0.2379695137        0.4409956717        0.1281117590       -0.0545926712        0.0344587098        3.5766769568        0.2135984601       -0.3822918349        0.1162983981        0.4947624026        0.1509333322        4.9493195488        0.2869121587
        0.7393939394   14   14   14        4.9696531924        0.3093620504        0.5383246677        0.1695501858       -0.3944875017        0.1184086040        3.5370752054        0.2277652661       -0.0561174562        0.0361327673        0.4436483616        0.1315670959        3.4096565718        0.2429685220        0.0142236963        0.0693980414        5.8946365303        0.3273386691        5.8768707669        0.3368549972        0.0110039667        0.0662198768        3.4242026063        0.2423462852        0.4464513499        0.1323496489       -0.0572255785        0.0356340302        3.5498496596        0.2151173557       -0.3923503682        0.1231594083        0.5346090101        0.1649994638        4.9804859657        0.3022667426
        0.7515151516   14   14   14        4.9923103641        0.3088633724        0.5585944626        0.1618565622       -0.4035894244        0.1218918346        3.5128889351        0.2295724493       -0.0594795285        0.0355116702        0.4577580134        0.1335126163        3.3745783951        0.2464474591        0.0133700618        0.0665030779        5.9074258844        0.3284014583        5.8943485902        0.3377796695        0.0080075197        0.0669394586        3.3822931447        0.2520810193        0.4550998011        0.1382692462       -0.0570740928        0.0351787931        3.5234655714        0.2162443393       -0.3992721762        0.1201336667        0.5614982002        0.1673906560        4.9964098402        0.3002716492
        0.7636363637   14   14   14        5.0368017035        0.2993488497        0.5842772642        0.1693143976       -0.4080098582        0.1200543108        3.5073429927        0.2207021131       -0.0585890702        0.0356022955        0.4785825193        0.1375005992        3.3216647837        0.2594568962        0.0107919420        0.0713193180        5.8990380002        0.3343380843        5.9022901836        0.3486075784        0.0145181150        0.0705110436        3.3221387740        0.2431263524        0.4783507061        0.1407613180       -0.0599274542        0.0387534981        3.5081781073        0.2233224053       -0.4138557494        0.1197329160        0.5753119435        0.1631712338        5.0356239611        0.3137618842
        0.7757575758   14   14   14        5.0693610051        0.3054510671        0.5808146305        0.1724709638       -0.4179471035        0.1181399816        3.5061969221        0.2181660142       -0.0587972226        0.0369402256        0.5056051266        0.1401930336        3.2740417189        0.2462557072        0.0092082597        0.0688579499        5.8734463696        0.3397552618        5.8713543802        0.3466143601        0.0149320033        0.0700737474        3.2818574517        0.2464979706        0.5050268043        0.1373957757       -0.0591387307        0.0378299177        3.5126023554        0.2294048372       -0.4198545285        0.1159264625        0.5841072300        0.1717434343        5.0807296493        0.3213584603
        0.7878787879   14   14   14        5.1055213667        0.3106990911        0.5817995811        0.1729746459       -0.4170817760        0.1194254573        3.5225804111        0.2302418206       -0.0592869076        0.0364656534        0.5247726909        0.1459032745        3.2579976078        0.2437843205        0.0138267191        0.0728573548        5.8543290787        0.3370791192        5.8469957219        0.3517536981        0.0161721459        0.0729983884        3.2676763915        0.2501391930        0.5138966136        0.1355563309       -0.0567782220        0.0354538925        3.5198832555        0.2211574389       -0.4190394783        0.1224552968        0.5852611188        0.1715570166        5.0948586880        0.3143052555
        0.8000000000   14   14   14        5.0839121828        0.3027434821        0.5546504985        0.1635988066       -0.4258687494        0.1185611530        3.5307509692        0.2311346819       -0.0571460442        0.0358892875        0.5154959221        0.1359874435        3.2602379425        0.2465378672        0.0177565381        0.0731490854        5.8473459914        0.3373390943        5.8604498111        0.3363439804        0.0181742401        0.0713490048        3.2475518247        0.2492339726        0.5069389119        0.1417356155       -0.0554627562        0.0368281664        3.5330855547        0.2332957042       -0.4282714422        0.1255294628        0.5606180974        0.1728039351        5.0843767630        0.3108727740
        0.8121212122   14   14   14        5.0391912234        0.3187956928        0.5054775683        0.1541407622       -0.4307572642        0.1198663513        3.5585212748        0.2326743703       -0.0503036370        0.0334583971        0.4941314789        0.1352716568        3.2583285644        0.2497381641        0.0331929426        0.0688542008        5.8447976647        0.3316470335        5.8490554158        0.3367833139        0.0361176537        0.0725221570        3.2569955263        0.2411806047        0.4927313631        0.1316735213       -0.0508135130        0.0330944090        3.5578891962        0.2294404334       -0.4349508242        0.1208359845        0.5067314194        0.1589381752        5.0431163160        0.3153172390
        0.8242424243   14   14   14        5.0282222131        0.3089225223        0.4543102484        0.1460012633       -0.4357189959        0.1163872231        3.6078205821        0.2379951521       -0.0478356275        0.0324057579        0.4825367532        0.1287340546        3.2607753100        0.2480043999        0.0539823380        0.0713719160        5.8158475384        0.3436704419        5.8131147640        0.3475808653        0.0507315440        0.0721648326        3.2602573119        0.2410843828        0.4776330681        0.1283205358       -0.0463505477        0.0306738379        3.6078664446        0.2333801644       -0.4349894435        0.1198082714        0.4599766697        0.1496947289        5.0268161704        0.3258575356
        0.8363636364   14   14   14        5.0805649173        0.3185316989        0.4378638347        0.1415278636       -0.4494168320        0.1175147372        3.6496752878        0.2379986043       -0.0475218233        0.0313662964        0.4960871393        0.1373029443        3.2405287118        0.2335524733        0.0609336198        0.0704855510        5.7847441150        0.3421949755        5.7877058220        0.3250470061        0.0584402252        0.0706826252        3.2350736087        0.2427988130        0.5021422531        0.1334981718       -0.0476460943        0.0313948396        3.6487223822        0.2325395177       -0.4558025498        0.1241908103        0.4391409280        0.1439259614        5.0934542079        0.3180305650
        0.8484848485   14   14   14        5.1632782830        0.3346802887        0.4235600588        0.1360318238       -0.4815549605        0.1275719983        3.6718830900        0.2455218837       -0.0478643631        0.0342236190        0.5384158114        0.1476215561        3.2165084673        0.2495117366        0.0733231832        0.0720303814        5.7999908259        0.3423937351        5.8106879899        0.3362854310        0.0737652109        0.0722185258        3.2062533337        0.2533537503        0.5518716029        0.1421224046       -0.0489231024        0.0325244617        3.6829855829        0.2445089550       -0.4955357864        0.1261317669        0.4214669392        0.1403912555        5.2007830139        0.3319638758
        0.8606060606   14   14   14        5.2325628962        0.3319105058        0.4001629402        0.1298676182       -0.5135948870        0.1277359275        3.7106915151        0.2498930481       -0.0442607956        0.0304948218        0.5638527579        0.1468240625        3.2156437323        0.2599640751        0.0847500979        0.0691998267        5.8826388714        0.3499175075        5.8924692226        0.3455273822        0.0879908732        0.0715241075        3.2090541571        0.2597530609        0.5727427346        0.1556769504       -0.0458728054        0.0330262907        3.7151043669        0.2459223869       -0.5240294733        0.1224334113        0.4020376458        0.1331511169        5.2597870260        0.3412559308
        0.8727272728   14   14   14        5.1985824935        0.3151046778        0.3808248012        0.1248898978       -0.5164668124        0.1234250651        3.7496870317        0.2558355138       -0.0420640660        0.0285352530        0.5095397819        0.1297939994        3.2355618563        0.2575222951        0.0850857550        0.0666945842        5.9650269891        0.3499338977        5.9630200326        0.3713469845        0.0855116820        0.0733698704        3.2379947404        0.2570428314        0.5210183523        0.1391713357       -0.0421208474        0.0281324797        3.7453504334        0.2468992222       -0.5247277572        0.1268805703        0.3853507423        0.1267436845        5.2185681320        0.3278767165
        0.8848484849   14   14   14        5.1785991090        0.3135025703        0.4029144299        0.1477912253       -0.5120779478        0.1270731321        3.7557594321        0.2595345052       -0.0474271895        0.0337389624        0.4604201101        0.1234234700        3.2687663515        0.2603387093        0.0696959764        0.0705995179        6.0576876790        0.3599198931        6.0516828106        0.3669155292        0.0723681685        0.0700127852        3.2774434120        0.2670453689        0.4640650129        0.1278368622       -0.0471834711        0.0321384545        3.7582836686        0.2549846322       -0.5148320373        0.1337629632        0.4019076575        0.1468086915        5.1862718475        0.3368155135
        0.8969696970   14   14   14        5.2206287923        0.3352946851        0.4588061146        0.1665630388       -0.4955010201        0.1310594066        3.7482654583        0.2614990067       -0.0621950866        0.0399694097        0.4558610972        0.1304073988        3.2816258539        0.2639256851        0.0357881675        0.0696164145        6.0390620580        0.3575716845        6.0412979229        0.3539454999        0.0378879973        0.0698594137        3.2814899115        0.2685788441        0.4666747584        0.1389954504       -0.0618052726        0.0407298323        3.7477412952        0.2714113183       -0.4977462828        0.1317435666        0.4597729701        0.1621751318        5.2337405455        0.3460138650
        0.9090909091   14   14   14        5.2393637986        0.3447312186        0.5231716755        0.1778005050       -0.4763388511        0.1343231551        3.6985824709        0.2641307855       -0.0788003479        0.0484742164        0.4624704535        0.1386452320        3.2260445547        0.2766702328       -0.0084872769        0.0686720121        5.9349878667        0.3463253646        5.9188564585        0.3576862200       -0.0080321383        0.0675710653        3.2426311018        0.2787507614        0.4677384660        0.1375095933       -0.0799672623        0.0459222749        3.6859997925        0.2681374367       -0.4713435370        0.1329728051        0.5189887817        0.1755749123        5.2240378392        0.3403104933
        0.9212121212   14   14   14        5.1411449332        0.3312795297        0.5153237030        0.1757061161       -0.4725230771        0.1361165051        3.6375044349        0.2628969942       -0.0809601608        0.0465849795        0.4348335571        0.1236940969        3.1966483316        0.2763825467       -0.0139965073        0.0653649553        5.8834121364        0.3535226791        5.8627120975        0.3472325103       -0.0216091816        0.0678882753        3.2097356963        0.2814784037        0.4398149124        0.1304546590       -0.0788946312        0.0440905244        3.6187106773        0.2634353101       -0.4689561420        0.1334158540        0.5240175787        0.1857175834        5.1303939417        0.3324158403
        0.9333333334   14   14   14        5.1284607101        0.3257095448        0.5005437979        0.1747498660       -0.4926452526        0.1297300733        3.6325525445        0.2616420788       -0.0685936470        0.0402531917        0.4341254677        0.1254565199        3.1543667864        0.2744520571        0.0114256454        0.0726734412        5.8606593779        0.3404164479        5.8712675782        0.3239346411        0.0092792492        0.0691290068        3.1416121963        0.2726697899        0.4430465001        0.1262252648       -0.0712713936        0.0429693532        3.6147341085        0.2576707656       -0.4995084447        0.1223881734        0.4992237103        0.1662495907        5.1277841520        0.3192634539
        0.9454545455   14   14   14        5.1555653716        0.3119153208        0.4601951509        0.1505126293       -0.5134844470        0.1259837289        3.7151341507        0.2397417065       -0.0593551786        0.0366945715        0.4073964052        0.1149573976        3.1626253641        0.2727130979        0.0437901068        0.0702980492        5.9190504343        0.3405110894        5.9208434861        0.3580510270        0.0462813645        0.0707689387        3.1633235638        0.2626494109        0.4065213053        0.1115293197       -0.0586823319        0.0366150666        3.7034567637        0.2482808293       -0.5091976110        0.1291906417        0.4619176423        0.1461913412        5.1397757248        0.3068574080
        0.9575757576   14   14   14        5.2259419470        0.3042229667        0.4622876915        0.1547775691       -0.4771206254        0.1313110585        3.8786947439        0.2496692808       -0.0554593991        0.0349933156        0.3523794882        0.1005182202        3.3112124655        0.2661245669        0.0527166732        0.0706545169        6.0627990589        0.3400194083        6.0566036960        0.3433573575        0.0540432793        0.0677624599        3.3187344350        0.2590911119        0.3554512127        0.1006148656       -0.0577490370        0.0367538533        3.8806276682        0.2492644762       -0.4829938027        0.1295098527        0.4536615962        0.1521477942        5.2304833150        0.2972032875
        0.9696969697   14   14   14        5.3686190991        0.2905403619        0.5128393747        0.1751627746       -0.4451597779        0.1315083581        4.0507307893        0.2444235269       -0.0592196014        0.0377632054        0.3006695463        0.0966853840        3.4664000277        0.2521501981        0.0631248340        0.0774198249        6.3813693949        0.3304497521        6.3771449400        0.3322056231        0.0666054397        0.0808233787        3.4741050977        0.2549644586        0.3075451607        0.0964844363       -0.0627464572        0.0399785926        4.0420166734        0.2384665200       -0.4519544714        0.1286072659        0.5075319380        0.1707776448        5.3717946917        0.2798726455
        0.9818181818   14   14   14        5.4788935738        0.2591081062        0.5006787723        0.1745279829       -0.4201459116        0.1230273468        4.2702290239        0.2439330123       -0.0581273822        0.0391778944        0.2297124838        0.0830083203        3.7597886316        0.2545469934        0.0755416446        0.0889915392        6.6800397433        0.3119842003        6.6833842719        0.3188026246        0.0722399810        0.0940038861        3.7531424395        0.2623886223        0.2314022804        0.0850531380       -0.0571495547        0.0398564477        4.2662791278        0.2411209663       -0.4222027669        0.1285368868        0.5076474025        0.1808225638        5.4846811323        0.2630599003
        0.9939393940   14   14   14        5.6631663826        0.2323641281        0.5121545393        0.1891180255       -0.3992834317        0.1235927465        4.5345418785        0.2328774117       -0.0458721196        0.0417411731        0.1713144141        0.0753079141        4.0981236014        0.2432338550        0.0808300615        0.1146550088        6.9510457164        0.3047681039        6.9390608866        0.3137043025        0.0739926822        0.1170062625        4.1032710524        0.2447111171        0.1725939978        0.0738313921       -0.0453153647        0.0425985741        4.5321381928        0.2265381884       -0.4002818194        0.1280927269        0.5225154698        0.1846799451        5.6728448436        0.2269470838
        1.0060606061   14   14   14        9.1420463152        0.2629564688        0.4886607572        0.1071348867       -0.0104194344        0.0036376702        2.8518549978        0.1034980244       -0.0058361132        0.0020705485        0.0042457124        0.0029918391        2.8533378111        0.0983714767       -0.0065631127        0.0058129565        9.1483988870        0.2135877587        9.1409684660        0.2197559109       -0.0065783165        0.0060344387        2.8545360210        0.1008510221        0.0043698352        0.0030037857       -0.0058325761        0.0021150256        2.8572246949        0.0955354520       -0.0108060126        0.0039449576        0.4923677850        0.1109631845        9.1648528029        0.2572505464
        1.0181818182   14   14   14        9.9063118889        0.2606390686        0.4732125310        0.1007654184       -0.0038798547        0.0013127542        2.2234278408        0.0790001899       -0.0029656428        0.0010023996        0.0009178976        0.0012815046        2.2334726354        0.0751063692       -0.0054224272        0.0032363134        9.6167882646        0.2156305755        9.6060303168        0.2223434190       -0.0054137786        0.0033394775        2.2343050775        0.0775068824        0.0009564156        0.0012637991       -0.0029625058        0.0010275730        2.2265788175        0.0729659929       -0.0039980856        0.0014264245        0.4768074213        0.1037837731        9.9260439422        0.2560484687
        1.0303030303   14   14   14       10.1366570147        0.2550518269        0.4685104158        0.0988090688       -0.0023845066        0.0008045829        1.9121744818        0.0674310849       -0.0020940143        0.0007025598        0.0002409638        0.0008414355        1.9221422036        0.0642942796       -0.0049136029        0.0025038263        9.7654150376        0.2161840913        9.7533088337        0.2227994247       -0.0049156293        0.0025736672        1.9227733404        0.0664163280        0.0002567407        0.0008292428       -0.0020861568        0.0007152334        1.9146278480        0.0624458238       -0.0024491069        0.0008697710        0.4721418675        0.1015826166       10.1548820937        0.2510762860
        1.0424242424   14   14   14       10.2325087493        0.2503498613        0.4660439136        0.0977740434       -0.0017449922        0.0005872784        1.7052301000        0.0599187106       -0.0016464745        0.0005520897       -0.0000093178        0.0006342743        1.7143583568        0.0572895010       -0.0045661916        0.0021334212        9.8323436684        0.2161729651        9.8194772685        0.2225470074       -0.0045765220        0.0021861508        1.7148600444        0.0591789935       -0.0000029778        0.0006278149       -0.0016362982        0.0005582532        1.7073213046        0.0556401088       -0.0017882413        0.0006314152        0.4697561365        0.1004121071       10.2497737933        0.2467591501
        1.0545454546   14   14   14       10.2744983071        0.2464671852        0.4643698829        0.0970835726       -0.0013975596        0.0004684538        1.5512360752        0.0544120282       -0.0013695987        0.0004598584       -0.0001250315        0.0005131080        1.5595040725        0.0521505902       -0.0043056377        0.0019029858        9.8656509779        0.2159249714        9.8522959408        0.2220259343       -0.0043219686        0.0019449873        1.5599156054        0.0538550025       -0.0001233509        0.0005106932       -0.0013584034        0.0004622524        1.5530954828        0.0506560693       -0.0014296993        0.0005012189        0.4681740904        0.0996222419       10.2910754021        0.2431362292
        1.0666666667   14   14   14       10.2905073390        0.2431932726        0.4630573834        0.0965580323       -0.0011822103        0.0003942597        1.4293666437        0.0500980951       -0.0011804536        0.0003970623       -0.0001853293        0.0004335044        1.4368770823        0.0481168841       -0.0041004324        0.0017430671        9.8822332381        0.2155667534        9.8685402643        0.2213953201       -0.0041212465        0.0017776254        1.4372223685        0.0496724063       -0.0001861803        0.0004338154       -0.0011688948        0.0003970941        1.4310592953        0.0467497507       -0.0012076534        0.0004200785        0.4669540773        0.0990117430       10.3065563881        0.2400463733
        1.0787878788   14   14   14       10.2926867782        0.2403730492        0.4619408350        0.0961242205       -0.0010369875        0.0003438778        1.3290684025        0.0465724011       -0.0010429425        0.0003514165       -0.0002191551        0.0003772367        1.3359352073        0.0448123874       -0.0039334408        0.0016243046        9.8896030104        0.2151553792        9.8756651574        0.2207229465       -0.0039577333        0.0016533736        1.3362298641        0.0462458781       -0.0002214645        0.0003793900       -0.0010313570        0.0003498783        1.3306319864        0.0435531999       -0.0010579989        0.0003650957        0.4659267569        0.0984990747       10.3083119105        0.2373610488
        1.0909090909   14   14   14       10.2870939279        0.2379006564        0.4609458022        0.0957470895       -0.0009331358        0.0003076193        1.2442474322        0.0436050518       -0.0009385829        0.0003167134       -0.0002390834        0.0003354033        1.2505715707        0.0420243031       -0.0037942136        0.0015319368        9.8915874574        0.2147195456        9.8774664392        0.2200408528       -0.0038212934        0.0015567907        1.2508263498        0.0433559270       -0.0002422635        0.0003388191       -0.0009271458        0.0003140830        1.2457061051        0.0408583027       -0.0009510193        0.0003256077        0.4650164340        0.0980455142       10.3023679276        0.2349900134
        1.1030303030   14   14   14       10.2770262294        0.2357028023        0.4600347262        0.0954078886       -0.0008555940        0.0002803880        1.1710645037        0.0410532364       -0.0008568477        0.0002894491       -0.0002512330        0.0003031280        1.1769303529        0.0396207920       -0.0036759140        0.0014576457        9.8903181228        0.2142748240        9.8760569482        0.2193651553       -0.0037052873        0.0014791696        1.1771529080        0.0408659769       -0.0002549428        0.0003074226       -0.0008456490        0.0002860304        1.1724349706        0.0385362846       -0.0008711631        0.0002960076        0.4641852762        0.0976305864       10.2920026018        0.2328697839
        1.1151515152   14   14   14       10.2643921746        0.2337272240        0.4591869671        0.0950957358       -0.0007957471        0.0002592591        1.1069444700        0.0388223532       -0.0007912701        0.0002674847       -0.0002588354        0.0002775123        1.1124210441        0.0375146507       -0.0035738277        0.0013963459        9.8870587373        0.2138300994        9.8726879822        0.2187041465       -0.0036051697        0.0014151928        1.1126171909        0.0386854352       -0.0002628602        0.0002824246       -0.0007803529        0.0002634801        1.1082386962        0.0365021010       -0.0008095570        0.0002730786        0.4634131070        0.0972426787       10.2791122964        0.2309544518
        1.1272727273   14   14   14       10.2503455399        0.2319354790        0.4583893138        0.0948038281       -0.0007483600        0.0002424350        1.0500756325        0.0368465590       -0.0007376468        0.0002494363       -0.0002636849        0.0002567214        1.0552198673        0.0356452468       -0.0034846344        0.0013447445        9.8825933453        0.2133906338        9.8681375035        0.2180621832       -0.0035175889        0.0013613805        1.0553936257        0.0367511807       -0.0002679106        0.0002620803       -0.0007270287        0.0002449844        1.0513032711        0.0346967354       -0.0007607550        0.0002548500        0.4626860020        0.0968744262       10.2648410358        0.2292103144
        1.1393939394   14   14   14       10.2356064860        0.2302985326        0.4576341612        0.0945277969       -0.0007100299        0.0002287594        0.9991360288        0.0350782810       -0.0006931202        0.0002343658       -0.0002668537        0.0002395415        1.0039940794        0.0339687578       -0.0034058226        0.0013005869        9.8774251097        0.2129595235        9.8629013232        0.2174411849       -0.0034402151        0.0013153969        1.0041489089        0.0350175598       -0.0002711893        0.0002452203       -0.0006828037        0.0002295669        1.0003041813        0.0330775903       -0.0007212960        0.0002400504        0.4619977100        0.0965216029       10.2499039254        0.2276111486
        1.1515151515   14   14   14       10.2206339990        0.2287938703        0.4569155227        0.0942646155       -0.0006784948        0.0002174508        0.9531308633        0.0334820030       -0.0006556789        0.0002216146       -0.0002689813        0.0002251337        0.9577408267        0.0324524702       -0.0033355301        0.0012622868        9.8718850720        0.2125386144        9.8573067680        0.2168419441       -0.0033712183        0.0012755686        0.9578793678        0.0334504567       -0.0002733732        0.0002310439       -0.0006456589        0.0002165424        0.9542453458        0.0316129310       -0.0006888333        0.0002278248        0.4613422909        0.0961811696       10.2347544675        0.2261368267
        1.1636363636   14   14   14       10.2057236576        0.2274037064        0.4562291127        0.0940121632       -0.0006521783        0.0002079647        0.9112930965        0.0320305410       -0.0006238653        0.0002107062       -0.0002704708        0.0002129010        0.9156866439        0.0310713228       -0.0032723424        0.0012286864        9.8661944002        0.2121289582        9.8515732426        0.2162644530       -0.0033091361        0.0012406790        0.9158109632        0.0320237384       -0.0002748812        0.0002189788       -0.0006141312        0.0002054168        0.9123589603        0.0302784848       -0.0006617426        0.0002175780        0.4607157474        0.0958511177       10.2196864742        0.2247711763
        1.1757575758   14   14   14       10.1910679490        0.2261136686        0.4555714927        0.0937688902       -0.0006299523        0.0001999110        0.8730190773        0.0307026246       -0.0005965958        0.0002012870       -0.0002715792        0.0002024078        0.8772224772        0.0298056901       -0.0032151078        0.0011989183        9.8605034263        0.2117310725        9.8458477413        0.2157083264       -0.0032529223        0.0012098188        0.8773343056        0.0307169326       -0.0002759845        0.0002086050       -0.0005871360        0.0001958244        0.8740403437        0.0290552697       -0.0006388619        0.0002088836        0.4601150408        0.0955300903       10.2048880546        0.2235011439
        1.1878787879   14   14   14       10.1767902411        0.2249120100        0.4549398654        0.0935336477       -0.0006109895        0.0001930025        0.8378251103        0.0294813025       -0.0005730486        0.0001930891       -0.0002724732        0.0001933276        0.8418604277        0.0286399116       -0.0031629340        0.0011723189        9.8549140680        0.2113451547        9.8402308783        0.2151729025       -0.0032016787        0.0011822913        0.8419611788        0.0295137116       -0.0002768575        0.0001996080       -0.0005638499        0.0001874886        0.8388052895        0.0279281605       -0.0006193393        0.0002014285        0.4595376633        0.0952171197       10.1904810159        0.2223159258
        1.2000000000   14   14   14       10.1629685220        0.2237889701        0.4543318321        0.0933055629       -0.0005946698        0.0001870235        0.8053177985        0.0283528468       -0.0005525891        0.0001859058       -0.0002732628        0.0001854120        0.8092036546        0.0275612883       -0.0031150961        0.0011483713        9.8494956327        0.2109711790        9.8347906508        0.2146573943       -0.0031546951        0.0011575534        0.8092945071        0.0284008396       -0.0002776154        0.0001917472       -0.0005436383        0.0001801964        0.8062599280        0.0268849074       -0.0006025362        0.0001949779        0.4589815103        0.0949115244       10.1765416295        0.2212065065
