# ta1 =         1.0000000000 mua =        -0.8001000000 m1 =         1.1001000000 eo1 =         5.0000000000 m2 =         0.7001000000 eo2 =        -0.5000000000 ta2 =         0.5000000000 ta3 =         0.4000000000
# ts =         1.0000000000 mus =        -1.0000000000 ds =         0.0010000000
# tn =         1.0000000000 mun =        -1.0000000000 minev/ds =         0.0000000001 maxev =         1.2000000000
# tna_pz =         0.5000000000 tna_ab =         0.5000000000 tna_px =         0.5000000000 tna_py =         0.5000000000 tna_dxy =         0.5000000000
# rtna_pz =         0.2500000000 rtna_ab =         0.2500000000 rtna_px =         0.2500000000 rtna_py =         0.2500000000 rtna_dxy =         0.2500000000
# tas_pz =         0.5000000000 tas_ab =         0.5000000000 tas_px =         0.5000000000 tas_py =         0.5000000000 tas_dxy =         0.5000000000
# rtas_pz =         0.2500000000 rtas_ab =         0.2500000000 rtas_px =         0.2500000000 rtas_py =         0.2500000000 rtas_dxy =         0.2500000000
# wid =   200 len =    40 wn =    20 wb1 =    10 wb2 =    60 wb3 =    60 wbs =     0 numr =  1000
# ev/ds, nc1, nc2, nc3, G11_ave, G11_var, G21_ave, G21_var, G31_ave, G31_var, G12_ave, G12_var, G22_ave, G22_var, G32_ave, G32_var, G13_ave, G13_var, G23_ave, G23_var, G33_ave, G33_var
        0.0000000001   14   14   14        4.4289805697        0.2106640684        4.1431072143        0.1549955556       -0.0000387874        0.0094634102        4.1431072099        0.1549955565        9.1398931569        0.5278360291        4.1433449289        0.1586496089       -0.0000387874        0.0094634101        4.1433449323        0.1586496077        4.4259289786        0.2054852956
        0.0121212122   14   14   14        4.4219204910        0.2051258048        4.0860608995        0.1636877460        0.0039679677        0.0168348342        4.1576417215        0.1702765162        9.2996007659        0.4667033031        4.1592845123        0.1693522682        0.0031950601        0.0127199342        4.0943917034        0.1614401399        4.4163529216        0.1924287274
        0.0242424243   14   14   14        4.4672400926        0.2449101271        4.0220061374        0.1749747016        0.0067385426        0.0241010953        4.1478779528        0.1868213557        9.5522437352        0.4808678169        4.1430439019        0.1837702542        0.0070538064        0.0233172825        4.0313389684        0.1777082097        4.4618204308        0.2221875617
        0.0363636365   14   14   14        4.5342984522        0.2794892932        3.9704864360        0.1848505252        0.0101464475        0.0294939246        4.1270879759        0.2130460237        9.7716959880        0.4949249115        4.1211858879        0.2104095733        0.0101848498        0.0294850045        3.9791081072        0.1905933791        4.5324279716        0.2635516589
        0.0484848486   14   14   14        4.5607434835        0.2773866318        3.9563617987        0.1899931645        0.0111506571        0.0407297259        4.1227206967        0.2124244465        9.8019967290        0.4917148375        4.1183640164        0.2086722196        0.0109529363        0.0370892858        3.9632049387        0.1883754558        4.5545591323        0.2800075216
        0.0606060607   14   14   14        4.5449187344        0.2930319180        3.9626916965        0.1991084320        0.0102320484        0.0436615135        4.1196265910        0.2157162628        9.7079224765        0.5079308018        4.1270261214        0.2054159759        0.0073014336        0.0399174272        3.9677245177        0.1947410941        4.5299853435        0.2871699471
        0.0727272728   14   14   14        4.5005873180        0.2953304540        3.9832679686        0.1967064663        0.0074202279        0.0422891194        4.1317068313        0.2088641185        9.5126536022        0.4753379497        4.1322146183        0.2042891989        0.0057424470        0.0403819360        3.9837598962        0.1972321422        4.4974351654        0.2921810117
        0.0848484849   14   14   14        4.4509580276        0.2900608279        3.9921805468        0.1891916032        0.0079213332        0.0442399663        4.1477096932        0.1985352492        9.3351933323        0.4509427631        4.1442659115        0.2009662246        0.0081851812        0.0475784171        3.9959608992        0.2007207542        4.4617921787        0.2876468608
        0.0969696971   14   14   14        4.4064627188        0.2873739849        3.9816610875        0.1928813486        0.0084672190        0.0500357209        4.1616270334        0.2031264086        9.2182731489        0.4253794302        4.1459640664        0.2120231767        0.0106179519        0.0463471466        3.9837144099        0.2058876221        4.4351269513        0.3035708795
        0.1090909092   14   14   14        4.3922973123        0.2874045846        3.9588862258        0.1977546642        0.0098279035        0.0450331845        4.1734895313        0.2120856100        9.1778033412        0.4174171867        4.1616759361        0.2095254271        0.0100648393        0.0441175928        3.9681159114        0.2028796751        4.4064546368        0.3005826675
        0.1212121213   14   14   14        4.3950537155        0.2907005345        3.9296887508        0.1927965900        0.0200846948        0.0527793342        4.1920613283        0.2214144405        9.2247069496        0.4136273762        4.1832445616        0.2072149708        0.0186352362        0.0437070968        3.9390319709        0.1970489435        4.4003416315        0.2884495744
        0.1333333334   14   14   14        4.4165946921        0.2689991281        3.8941713486        0.1859754472        0.0278930385        0.0486109127        4.2007074552        0.2072194064        9.3229785723        0.4301658389        4.1860411191        0.2096550767        0.0289281009        0.0487158541        3.8978553430        0.1898720657        4.4318300054        0.2929951101
        0.1454545455   14   14   14        4.4138127219        0.2776983932        3.8831473568        0.1885710481        0.0288260528        0.0525786606        4.1777120013        0.2062402448        9.2856325321        0.4263339737        4.1775835228        0.2054381786        0.0300663223        0.0517942351        3.8877701274        0.1899454845        4.4209584866        0.2819477286
        0.1575757577   14   14   14        4.3381056639        0.2445763405        3.9079208226        0.1816351738        0.0241486565        0.0461702892        4.1653888882        0.1966344046        9.0953172464        0.4013706610        4.1609791127        0.1940927779        0.0241044817        0.0404013313        3.9138635442        0.1829714473        4.3455904729        0.2433018034
        0.1696969698   14   14   14        4.2973269517        0.2355153546        3.9282640339        0.1730585987        0.0246789952        0.0491369423        4.1496550381        0.1872319322        8.9486180646        0.3595042070        4.1461197864        0.1744517618        0.0243778886        0.0469781853        3.9303483008        0.1729266988        4.3024675370        0.2311251797
        0.1818181819   14   14   14        4.3362914199        0.2547873619        3.9096978682        0.1763349374        0.0334157754        0.0660484925        4.1294102876        0.1954589623        8.9853601569        0.3662123749        4.1260938238        0.1918799095        0.0363499546        0.0630830884        3.9146737972        0.1774524102        4.3521689252        0.2682701380
        0.1939393940   14   14   14        4.4135654502        0.2853156677        3.8800363802        0.1855221087        0.0414204648        0.0690710785        4.1075053546        0.2039369205        9.1039165368        0.4053770187        4.1037608046        0.2058595432        0.0451822129        0.0708883293        3.8878362403        0.1855509933        4.4330403401        0.2877068449
        0.2060606061   14   14   14        4.5129104561        0.3157030513        3.8516306258        0.1942006259        0.0373179431        0.0663239713        4.0683775504        0.2070645481        9.2581373711        0.4267182412        4.0547633797        0.2062690811        0.0435223700        0.0708343003        3.8571228156        0.1967843852        4.5363601168        0.3231571541
        0.2181818183   14   14   14        4.6245014904        0.3238283536        3.8348485337        0.2019375556        0.0277382926        0.0669148004        4.0152787597        0.2131727214        9.4372883837        0.4608951873        4.0037153052        0.2051394684        0.0337279801        0.0679401069        3.8372581366        0.2026074361        4.6375501254        0.3397500386
        0.2303030304   14   14   14        4.6533972031        0.3398711673        3.8324465346        0.2035279464        0.0251584655        0.0693090138        3.9802630347        0.2092597037        9.5507204374        0.4908905361        3.9864153541        0.2023336759        0.0225986106        0.0609454773        3.8377269698        0.2005971972        4.6583296806        0.3503355933
        0.2424242425   14   14   14        4.6131532735        0.3314353195        3.8278931331        0.2028666727        0.0155391825        0.0633686523        3.9528071463        0.2003137695        9.6052155801        0.5032493966        3.9674240239        0.2009394283        0.0124337839        0.0632750509        3.8302728275        0.1965800902        4.6014884124        0.3212005213
        0.2545454546   14   14   14        4.5799006688        0.3226446073        3.8025892086        0.2010138552       -0.0006032986        0.0561666189        3.9225736511        0.1873970085        9.6750884374        0.5161796779        3.9207024971        0.1960780500       -0.0011598408        0.0586459077        3.7993305996        0.2027035694        4.5858313681        0.3219046316
        0.2666666667   14   14   14        4.4814730552        0.2893745293        3.7977353506        0.1978478315        0.0007553857        0.0458230736        3.9231449961        0.1827333397        9.5788422932        0.5101340773        3.9169484998        0.1791031870        0.0016647590        0.0450398609        3.7989978736        0.2028796612        4.4935999767        0.2993394144
        0.2787878789   14   14   14        4.3688509032        0.2749492213        3.8056397621        0.1845807027        0.0099909274        0.0356628524        3.9350900475        0.1793096693        9.3794509068        0.4755367545        3.9413758369        0.1766264311        0.0124227191        0.0334751774        3.8032966956        0.1875549038        4.3701877143        0.2765870646
        0.2909090910   14   14   14        4.3529595499        0.2709703721        3.7690226544        0.1862860302        0.0179302679        0.0375496314        3.9353874753        0.1794833883        9.3790056906        0.4997004320        3.9450194312        0.1822576167        0.0199577898        0.0355560680        3.7692171220        0.1883841774        4.3639221201        0.2762872903
        0.3030303031   14   14   14        4.3626391362        0.2592717582        3.7267062418        0.1880707387        0.0233839573        0.0367284042        3.9442622634        0.1790561016        9.4958688440        0.5144269709        3.9463462895        0.1833579140        0.0259378149        0.0365128562        3.7312431503        0.1862827317        4.3751157755        0.2583592072
        0.3151515152   14   14   14        4.4126304804        0.2529575599        3.6722393994        0.1958327667        0.0296697216        0.0370453801        3.9326359618        0.1848049355        9.6665709949        0.5167256455        3.9470954080        0.1870447397        0.0295693009        0.0361609345        3.6818774245        0.1921031159        4.4212058881        0.2545725996
        0.3272727273   14   14   14        4.4868934570        0.2690131646        3.6262805918        0.1988361321        0.0290864192        0.0402949169        3.9213194844        0.1971357210        9.8122617264        0.4895356131        3.9344882263        0.1988571762        0.0283895056        0.0393212725        3.6396413475        0.2003535042        4.5006805012        0.2716430518
        0.3393939395   14   14   14        4.5524076355        0.2766737546        3.5924343599        0.2003006417        0.0213594826        0.0450219869        3.9058766520        0.1977014843        9.9181593634        0.4772877179        3.9157624039        0.2068913063        0.0206120094        0.0457464684        3.5948933743        0.2111328158        4.5764147902        0.2832485944
        0.3515151516   14   14   14        4.6434757642        0.2907742466        3.5571834559        0.2052431973        0.0083915062        0.0590678629        3.8662472212        0.2029171864        9.9882774941        0.4674480556        3.8817059153        0.2095615813        0.0055658335        0.0558046203        3.5675350777        0.2086130755        4.6675206577        0.3102704857
        0.3636363637   14   14   14        4.7233437861        0.3050900067        3.5567320723        0.2122468371       -0.0024199228        0.0630776072        3.8370609897        0.2044994223       10.0136047436        0.4780999488        3.8489538093        0.2090847904       -0.0052371408        0.0592374989        3.5573715788        0.2209665515        4.7463797479        0.3215649969
        0.3757575758   14   14   14        4.9023528695        0.3584211052        3.5441289788        0.2286040332       -0.0171810294        0.0750510364        3.7877293940        0.2163628454       10.1350929523        0.4949946592        3.7923792246        0.2214764860       -0.0168160215        0.0746065713        3.5402155177        0.2275849753        4.9205050459        0.3540960293
        0.3878787879   14   14   14        5.0674285368        0.3791530767        3.5318074545        0.2159702463       -0.0325829949        0.0862160213        3.7384846628        0.2159758579       10.2378010838        0.4905630900        3.7456594077        0.2374201689       -0.0302125407        0.0870740804        3.5239598864        0.2317256041        5.0819068963        0.3802400176
        0.4000000001   14   14   14        5.1399866228        0.3798040338        3.5285259908        0.2217721990       -0.0393847707        0.0921076276        3.7203179369        0.2219929847       10.2564012255        0.4708634675        3.7262934604        0.2225096172       -0.0410212537        0.0932441438        3.5302144064        0.2289384883        5.1338929964        0.3836826575
        0.4121212122   14   14   14        5.0620849267        0.3627779816        3.5631626041        0.2197744832       -0.0316816155        0.0878416309        3.7512966712        0.2215427481       10.1915999852        0.4896476614        3.7614604815        0.2230931538       -0.0260184399        0.0849382521        3.5668908640        0.2269557963        5.0559444319        0.3736443702
        0.4242424243   14   14   14        4.9833651486        0.3677472603        3.6127971487        0.2180151581       -0.0195298169        0.0749702796        3.7888779051        0.2111109741       10.1284449889        0.4660556402        3.7918591965        0.2154606004       -0.0102754393        0.0748809629        3.6083039643        0.2201545502        4.9770070530        0.3621946508
        0.4363636364   14   14   14        4.9528977836        0.3536410345        3.6490425823        0.2142850162       -0.0009323230        0.0697691992        3.8055096801        0.2127640682       10.1172389241        0.4414175932        3.8123960496        0.2174950921        0.0036795598        0.0686154589        3.6477472567        0.2184782628        4.9629691619        0.3529699514
        0.4484848485   14   14   14        5.0087035175        0.3423037217        3.6480899299        0.2287875918        0.0162011820        0.0732472092        3.7786376067        0.2075797290       10.2183068965        0.4622434777        3.7932066728        0.2129660243        0.0186582892        0.0701863528        3.6508535493        0.2293524384        5.0192321363        0.3468602013
        0.4606060607   14   14   14        5.0994320266        0.3211648410        3.6164839470        0.2335884223        0.0291750310        0.0755547613        3.7363833846        0.2127599854       10.4029920599        0.4592168957        3.7522161177        0.2130642991        0.0284936225        0.0756753525        3.6294695968        0.2264459470        5.1009184212        0.3320683654
        0.4727272728   14   14   14        5.1280500540        0.3288928864        3.5949320940        0.2411401513        0.0362515468        0.0755115290        3.7132518025        0.2214914386       10.5492146754        0.4716093029        3.7322176962        0.2139949785        0.0319809239        0.0749408781        3.5944814632        0.2300198154        5.1137695737        0.3220906868
        0.4848484849   14   14   14        5.1116513269        0.3098795653        3.5874893902        0.2295853456        0.0441503412        0.0762027316        3.7091649605        0.2138585774       10.6193969773        0.4675507914        3.7314031514        0.2164084897        0.0446858661        0.0738201116        3.5777479651        0.2346385708        5.1068826933        0.3222939249
        0.4969696970   14   14   14        5.1413167717        0.3123778412        3.5716915145        0.2391385429        0.0681440804        0.0768202853        3.7152605175        0.2200724455       10.7063142518        0.5000305108        3.7239672011        0.2173727008        0.0697079382        0.0749373410        3.5742250479        0.2308947180        5.1582226614        0.3180929967
        0.5090909091   14   14   14        5.1848295717        0.3103273660        3.5563264813        0.2307683003        0.0935088422        0.0732261300        3.7276828304        0.2262772311       10.8778456613        0.4839175775        3.7234465353        0.2178575677        0.0995007359        0.0753142438        3.5463503250        0.2286482993        5.2126943902        0.3265589588
        0.5212121213   14   14   14        5.2162660259        0.3250998513        3.5306377565        0.2270092986        0.1125963680        0.0706862993        3.7336091217        0.2147889900       11.0416188322        0.5239575009        3.7371147376        0.2190307402        0.1175169178        0.0730818426        3.5273197417        0.2345162922        5.2367985549        0.3306469755
        0.5333333334   14   14   14        5.2668947259        0.3282310364        3.4799762126        0.2255093151        0.1288375628        0.0736195678        3.7112480146        0.2215615763       11.2398800269        0.5131737642        3.7213130694        0.2179810014        0.1243949737        0.0709927366        3.4918248171        0.2256566854        5.2644888506        0.3362685678
        0.5454545455   14   14   14        5.3251081836        0.3314418819        3.4192415590        0.2397800769        0.1346750816        0.0757198588        3.6599131511        0.2282099457       11.3947465507        0.5266460507        3.6672608751        0.2239718823        0.1312977120        0.0750885642        3.4365757322        0.2385375225        5.3246374280        0.3381096417
        0.5575757576   14   14   14        5.3965572788        0.3256091425        3.4046983595        0.2333431021        0.1425054621        0.0793713457        3.6076574235        0.2274124822       11.4725142198        0.5333393705        3.6105847270        0.2322165419        0.1407962598        0.0804760658        3.4070347673        0.2439768729        5.3833103778        0.3393688468
        0.5696969697   14   14   14        5.4270760231        0.3312830399        3.4296732182        0.2357943314        0.1530770822        0.0785790678        3.5793371975        0.2291012550       11.4679309569        0.5101165701        3.5893103965        0.2269555782        0.1465580605        0.0794236996        3.4376069517        0.2350106257        5.4054934750        0.3271763900
        0.5818181819   14   14   14        5.4417800204        0.3247772423        3.4661960097        0.2361421129        0.1566236163        0.0790111997        3.5542291401        0.2278145740       11.4173737503        0.5156365249        3.5632823887        0.2264607585        0.1548668344        0.0821857026        3.4667925333        0.2424174319        5.4336659986        0.3337359161
        0.5939393940   14   14   14        5.4357061433        0.3322131931        3.4692203897        0.2510296160        0.1689158536        0.0836724636        3.5302088540        0.2309730360       11.3464620398        0.5441209856        3.5353692703        0.2328809752        0.1657017670        0.0821734573        3.4768249384        0.2487657505        5.4300037315        0.3287122632
        0.6060606061   14   14   14        5.4283299772        0.3338217180        3.4483721592        0.2456703258        0.1822134544        0.0883303556        3.5120346148        0.2288408257       11.3564234226        0.5301088234        3.5151122223        0.2266079780        0.1848358289        0.0874677255        3.4561346867        0.2438426177        5.4370914929        0.3308768756
        0.6181818182   14   14   14        5.4141718471        0.3308187227        3.4381017155        0.2438018591        0.1999192720        0.0902463641        3.5082733403        0.2272687481       11.4143165438        0.5271055430        3.5152726121        0.2345564487        0.2024202667        0.0927916649        3.4320835762        0.2428935627        5.4056882380        0.3405348966
        0.6303030304   14   14   14        5.4165516011        0.3187760697        3.4352289979        0.2458707116        0.2196373015        0.0960754154        3.5115510148        0.2281676348       11.4678323982        0.5214838824        3.5148779468        0.2333062203        0.2215691076        0.0936361027        3.4271487639        0.2363843802        5.4140088475        0.3352154079
        0.6424242425   14   14   14        5.4590029210        0.3392635125        3.4325784385        0.2468091553        0.2516247475        0.1030705609        3.5162951613        0.2399282895       11.5438701829        0.5237975165        3.5245274146        0.2259383952        0.2481824670        0.1009772100        3.4352709115        0.2341307315        5.4583565939        0.3342736335
        0.6545454546   14   14   14        5.5105489963        0.3292641009        3.4335935385        0.2490765502        0.2837679588        0.1087016649        3.5132911098        0.2294655229       11.5812249867        0.5022625989        3.5150347223        0.2234391969        0.2843655073        0.1115149467        3.4284658039        0.2303501517        5.5060762107        0.3395494227
        0.6666666667   14   14   14        5.5242296383        0.3382860296        3.4158713622        0.2523182760        0.3210688539        0.1198989696        3.5111124696        0.2383450722       11.5742797787        0.5179857339        3.5096028451        0.2219184117        0.3194733737        0.1172098775        3.4166712218        0.2405114607        5.5296655218        0.3396297511
        0.6787878788   14   14   14        5.5109376753        0.3451100538        3.3926562869        0.2426761337        0.3425597483        0.1217995870        3.5051469301        0.2387788157       11.5245159468        0.5160583282        3.5084712265        0.2324004630        0.3462246354        0.1194555718        3.3930467934        0.2492415355        5.5156870598        0.3407077290
        0.6909090910   14   14   14        5.4692609137        0.3406329324        3.3491103712        0.2546990393        0.3556660482        0.1226132098        3.5148387110        0.2332806942       11.4752536364        0.5252954103        3.5205230594        0.2286801702        0.3565474732        0.1188441863        3.3704738091        0.2481308795        5.4713984170        0.3339013299
        0.7030303031   14   14   14        5.4187939369        0.3311704294        3.3075499154        0.2518593502        0.3620062708        0.1179386181        3.5241864998        0.2275408290       11.4784743385        0.5402475610        3.5189514294        0.2421962046        0.3669959968        0.1222497381        3.3151504722        0.2531361415        5.4225536972        0.3407337016
        0.7151515152   14   14   14        5.4075995305        0.3315043770        3.2413063676        0.2518077523        0.3668372795        0.1196458843        3.5089334091        0.2335924806       11.5679728301        0.5464268188        3.5160495654        0.2422424032        0.3824483000        0.1215846207        3.2553556277        0.2536254798        5.4248179115        0.3465041803
        0.7272727273   14   14   14        5.4383303842        0.3667992172        3.1928828229        0.2568062185        0.3763605005        0.1238572938        3.4791893937        0.2365464857       11.6773210604        0.5465650147        3.4857287942        0.2409843181        0.3864030004        0.1246131723        3.1943851219        0.2475289361        5.4440819513        0.3517251782
        0.7393939394   14   14   14        5.5079778601        0.3867208138        3.1425877036        0.2595871069        0.3875309055        0.1298995720        3.4238802682        0.2492468362       11.7715072971        0.5632195067        3.4352065730        0.2499070325        0.3892257714        0.1293417210        3.1574992914        0.2479741036        5.5150949759        0.3758224663
        0.7515151516   14   14   14        5.5509048267        0.3750489294        3.1092995107        0.2627644370        0.3982784849        0.1330975649        3.3879484568        0.2503596220       11.8017744746        0.5517100134        3.3903006644        0.2550459551        0.3980257083        0.1355281930        3.1241933952        0.2511496943        5.5579080403        0.3740897319
        0.7636363637   14   14   14        5.6210789677        0.3707606342        3.0993331345        0.2536757153        0.4199934491        0.1352357508        3.3324567257        0.2669524485       11.8013281838        0.5729626030        3.3366568890        0.2460766974        0.4184232519        0.1399422918        3.0943223579        0.2525397258        5.6109359046        0.3845196398
        0.7757575758   14   14   14        5.6501756356        0.3840454985        3.0882498185        0.2504088330        0.4468079040        0.1406552003        3.2832499786        0.2523573117       11.7448007497        0.5778511396        3.2967894550        0.2564693427        0.4458880736        0.1373317924        3.0927478268        0.2483022517        5.6648368793        0.3951533383
        0.7878787879   14   14   14        5.6873209479        0.3832635911        3.1054986352        0.2610853587        0.4654857833        0.1444299181        3.2718243269        0.2524963264       11.7013248005        0.5732046082        3.2838485373        0.2579155277        0.4571183916        0.1358004566        3.1008437772        0.2531906582        5.6801198068        0.3945356498
        0.8000000000   14   14   14        5.6385626813        0.3604974539        3.1048822197        0.2564813997        0.4583498780        0.1352798825        3.2779944805        0.2555020150       11.7077958025        0.5567287137        3.2657260649        0.2578172293        0.4514761557        0.1406302102        3.1048141125        0.2654268095        5.6449948604        0.3778034505
        0.8121212122   14   14   14        5.5446687917        0.3741673450        3.1277640105        0.2578056518        0.4438278419        0.1326987386        3.2915215071        0.2552857853       11.6938530805        0.5607521909        3.2931131800        0.2470569909        0.4419178502        0.1309149365        3.1229383720        0.2554588334        5.5498477354        0.3805330092
        0.8242424243   14   14   14        5.4825324614        0.3596820599        3.1721015862        0.2655078342        0.4347011258        0.1288106680        3.3147576479        0.2536141787       11.6289623024        0.5847557843        3.3109888559        0.2455814950        0.4312825204        0.1262021023        3.1728770011        0.2553517366        5.4867928402        0.3851918315
        0.8363636364   14   14   14        5.5184287520        0.3625727330        3.2002584558        0.2600747200        0.4485653161        0.1353134406        3.3014623316        0.2410139467       11.5724499371        0.5574859003        3.2935138339        0.2500244796        0.4544961588        0.1329106184        3.1929198324        0.2591831388        5.5325951359        0.3680905651
        0.8484848485   14   14   14        5.5868383419        0.3750194381        3.1903281295        0.2747766290        0.4905514483        0.1474006387        3.2898316505        0.2520101349       11.6106788158        0.5556378176        3.2800185446        0.2574304337        0.5029485004        0.1412783883        3.1874497965        0.2714099402        5.6222499531        0.3774596906
        0.8606060606   14   14   14        5.6327258364        0.3756765379        3.1970966281        0.2844109670        0.5195919623        0.1447870909        3.3003938302        0.2657364936       11.7751080941        0.5689936188        3.2970450303        0.2666966925        0.5268699293        0.1534361450        3.1910748935        0.2710513216        5.6618246717        0.3824030494
        0.8727272728   14   14   14        5.5794072947        0.3478507942        3.2332202193        0.2872924359        0.4674757159        0.1296877230        3.3206476112        0.2655039192       11.9280470218        0.6039702238        3.3235064224        0.2603450149        0.4788975048        0.1393788165        3.2206226762        0.2769135972        5.6039188743        0.3692441716
        0.8848484849   14   14   14        5.5815135389        0.3558145801        3.2436814843        0.2884487686        0.4129929207        0.1226643505        3.3384623279        0.2644339847       12.1093704896        0.6103820837        3.3498115805        0.2735271458        0.4168815418        0.1279348743        3.2434516313        0.2831405615        5.5881795050        0.3927101865
        0.8969696970   14   14   14        5.6794349069        0.3957373949        3.2527644382        0.2931626900        0.3936660105        0.1290100730        3.3174140214        0.2715666884       12.0803599809        0.5871984774        3.3193779088        0.2748615590        0.4048694857        0.1386290835        3.2499950124        0.3052179365        5.6935135156        0.4031079709
        0.9090909091   14   14   14        5.7625354741        0.4099184709        3.2222436199        0.2946882836        0.3836701056        0.1413182459        3.2175572779        0.2802849338       11.8538443253        0.5726398313        3.2345989635        0.2866838525        0.3877712037        0.1403156180        3.2146562555        0.3063525012        5.7430266208        0.4142490837
        0.9212121212   14   14   14        5.6564686362        0.3955425814        3.1649813578        0.2963947971        0.3538733963        0.1280795482        3.1826518243        0.2816597575       11.7461242339        0.5657586979        3.1881265147        0.2864459191        0.3609202811        0.1344188980        3.1497545353        0.2938078351        5.6544115204        0.4044630032
        0.9333333334   14   14   14        5.6290045080        0.3896815635        3.1399072919        0.2941908895        0.3655318207        0.1281079482        3.1657924318        0.2811225940       11.7319269561        0.5247515716        3.1508914455        0.2770613232        0.3717751066        0.1291322139        3.1152256638        0.2893552209        5.6270078623        0.3840950908
        0.9454545455   14   14   14        5.6157605225        0.3683970234        3.2016497037        0.2741740253        0.3480412266        0.1164263918        3.2064154710        0.2745883805       11.8398939205        0.5785769453        3.2096049282        0.2721222145        0.3478389734        0.1116789158        3.1942591527        0.2864054736        5.6016933671        0.3605974444
        0.9575757576   14   14   14        5.6882296384        0.3644613812        3.4015741185        0.2894171315        0.2969200891        0.1004730299        3.3639291387        0.2699842683       12.1194027549        0.5725296153        3.3727777143        0.2655162516        0.2977021757        0.1020837919        3.3976338656        0.2923219687        5.6841449112        0.3563924241
        0.9696969697   14   14   14        5.8814584738        0.3609903230        3.6055710114        0.2838933193        0.2414499449        0.0952186763        3.5295248617        0.2610912152       12.7585143348        0.5579608991        3.5407105374        0.2663823080        0.2447987035        0.0985854803        3.5900622020        0.2815732812        5.8793266297        0.3528695979
        0.9818181818   14   14   14        5.9795723462        0.3340488000        3.8500831124        0.2885069872        0.1715851016        0.0850449399        3.8353302762        0.2733243284       13.3634240152        0.5272748372        3.8253824205        0.2837492239        0.1742527258        0.0866000973        3.8440763610        0.2872761052        5.9923285348        0.3422588792
        0.9939393940   14   14   14        6.1753209219        0.3269926568        4.1352584469        0.2843500301        0.1254422945        0.0784863566        4.1789536629        0.2779451775       13.8901066029        0.5218009285        4.1772637346        0.2790067293        0.1272786331        0.0771300976        4.1318563734        0.2891542303        6.1953603134        0.3242270048
        1.0060606061   14   14   14        9.6307070725        0.2782243064        2.8414355635        0.1037966687       -0.0015904008        0.0032948238        2.8467746984        0.0990199881       18.2893673531        0.2887523871        2.8479577044        0.1015170766       -0.0014627409        0.0033471035        2.8464186822        0.0959301017        9.6572205879        0.2760761496
        1.0181818182   14   14   14       10.3795244199        0.2739913082        2.2195479861        0.0790797003       -0.0020477452        0.0014832063        2.2280502081        0.0754214633       19.2228185815        0.2888973508        2.2288912989        0.0778364392       -0.0020060901        0.0014996495        2.2225807319        0.0730588256       10.4028513635        0.2740300505
        1.0303030303   14   14   14       10.6051674305        0.2680804360        1.9097899752        0.0674733567       -0.0018530505        0.0010052185        1.9172286007        0.0645406493       19.5187238713        0.2887600151        1.9178577111        0.0666616205       -0.0018294161        0.0010145692        1.9121787411        0.0624944228       10.6270239612        0.2691108764
        1.0424242424   14   14   14       10.6985526629        0.2632908107        1.7034851078        0.0599478221       -0.0016557922        0.0007758677        1.7097921651        0.0575041131       19.6518209369        0.2882587202        1.7102835225        0.0593835318       -0.0016392760        0.0007823970        1.7055330634        0.0556746040       10.7195299297        0.2649018087
        1.0545454546   14   14   14       10.7388681900        0.2593884471        1.5498385156        0.0544350185       -0.0014946302        0.0006395477        1.5551984348        0.0523455601       19.7179469187        0.2876014964        1.5555936368        0.0540348550       -0.0014817543        0.0006444920        1.5516657836        0.0506844080       10.7592494925        0.2613801702
        1.0666666667   14   14   14       10.7535647224        0.2561196331        1.4281844335        0.0501177617       -0.0013657829        0.0005487361        1.4327766499        0.0482979259       19.7507735024        0.2868790931        1.4331011220        0.0498354460       -0.0013550750        0.0005526133        1.4298516419        0.0467748434       10.7735104653        0.2583781933
        1.0787878788   14   14   14       10.7546276132        0.2533144272        1.3280314150        0.0465900699       -0.0012620977        0.0004837679        1.3320017665        0.0449827991       19.7652681678        0.2861330273        1.3322721308        0.0463966029       -0.0012528214        0.0004868548        1.3295739875        0.0435763421       10.7742386674        0.2557683827
        1.0909090909   14   14   14       10.7480397301        0.2508609388        1.2433142964        0.0436214301       -0.0011776662        0.0004349571        1.2467773571        0.0421862355       19.7690538965        0.2853837757        1.2470050564        0.0434971703       -0.0011694093        0.0004374275        1.2447550859        0.0408801555       10.7673843616        0.2534624576
        1.1030303030   14   14   14       10.7370609556        0.2486831589        1.1702089097        0.0410687354       -0.0011080807        0.0003969531        1.1732544389        0.0397757611       19.7663750710        0.2846420017        1.1734476208        0.0409996493       -0.0011005918        0.0003989276        1.1715638074        0.0385572215       10.7561878780        0.2513986766
        1.1151515152   14   14   14       10.7235791418        0.2467275166        1.1061487229        0.0388372278       -0.0010501055        0.0003665494        1.1088472163        0.0376637831       19.7597467195        0.2839133837        1.1090120212        0.0388128913       -0.0010432130        0.0003681156        1.1074291392        0.0365223516       10.7425254033        0.2495325715
        1.1272727273   14   14   14       10.7087348537        0.2449548901        1.0493272725        0.0368609776       -0.0010013317        0.0003416980        1.0517352330        0.0357894109       19.7507308488        0.2832010508        1.0518760368        0.0368734205       -0.0009949393        0.0003429281        1.0505425162        0.0347164494       10.7275270378        0.2478313825
        1.1393939394   14   14   14       10.6932406471        0.2433359092        0.9984259989        0.0350923576       -0.0009599739        0.0003210354        1.0005882568        0.0341086421       19.7403264329        0.2825064535        1.0007086939        0.0351353428       -0.0009539931        0.0003219825        0.9995828853        0.0330968722       10.7119016354        0.2462699056
        1.1515151515   14   14   14       10.6775495217        0.2418478679        0.9524523685        0.0334958188       -0.0009246603        0.0003036112        0.9544052966        0.0325886315       19.7291918400        0.2818302750        0.9545081495        0.0335643754       -0.0009190321        0.0003043193        0.9535565125        0.0316318569       10.6960967584        0.2448286672
        1.1636363636   14   14   14       10.6619527703        0.2404728766        0.9106409182        0.0320441557       -0.0008943361        0.0002887443        0.9124143015        0.0312042204       19.7177676428        0.2811726310        0.9125018271        0.0321342651       -0.0008890124        0.0002892505        0.9116972178        0.0302971117       10.6804022216        0.2434920788
        1.1757575758   14   14   14       10.6466394417        0.2391965080        0.8723891250        0.0307160829       -0.0008681750        0.0002759346        0.8740073693        0.0299357067       19.7063511675        0.2805333245        0.8740813833        0.0308244501       -0.0008631205        0.0002762689        0.8734014818        0.0290736422       10.6650030953        0.2422475759
        1.1878787879   14   14   14       10.6317301064        0.2380069825        0.8372141208        0.0294946387       -0.0008455218        0.0002648049        0.8386974937        0.0287673705       19.6951449463        0.2799119540        0.8387595001        0.0296185351       -0.0008407074        0.0002649929        0.8381859502        0.0279463144       10.6500186791        0.2410847729
        1.2000000000   14   14   14       10.6173003541        0.2368945213        0.8047231287        0.0283660880       -0.0008258520        0.0002550665        0.8060885585        0.0276864654       19.6842862835        0.2793080019        0.8061398120        0.0285032322       -0.0008212536        0.0002551299        0.8056573918        0.0269028720       10.6355231398        0.2399950142
