# ta1 =         1.0000000000 mua =        -0.8001000000 m1 =         1.1001000000 eo1 =         5.0000000000 m2 =         0.7001000000 eo2 =        -0.5000000000 ta2 =         0.5000000000 ta3 =         0.4000000000
# ts =         1.0000000000 mus =        -1.0000000000 ds =         0.0001000000
# tn =         1.0000000000 mun =        -1.0000000000 minev/ds =         0.0000000001 maxev =         1.2000000000
# tna_pz =         0.7000000000 tna_ab =         0.7000000000 tna_px =         0.7000000000 tna_py =         0.7000000000 tna_dxy =         0.7000000000
# rtna_pz =         0.5000000000 rtna_ab =         0.5000000000 rtna_px =         0.5000000000 rtna_py =         0.5000000000 rtna_dxy =         0.5000000000
# tas_pz =         0.7000000000 tas_ab =         0.7000000000 tas_px =         0.7000000000 tas_py =         0.7000000000 tas_dxy =         0.7000000000
# rtas_pz =         0.5000000000 rtas_ab =         0.5000000000 rtas_px =         0.5000000000 rtas_py =         0.5000000000 rtas_dxy =         0.5000000000
# wid =   140 len =    25 wn =    20 wb1 =    10 wb2 =    30 wb3 =    30 wbs =     0 numr =  1000
# ev/ds, nc1, nc2, nc3, G11u_ave, G11u_var, G11d_ave, G11d_var, G21u_ave, G21u_var, G21d_ave, G21d_var, G31u_ave, G31u_var, G31d_ave, G31d_var, G12u_ave, G12u_var, G12d_ave, G12d_var, G22u_ave, G22u_var, G22d_ave, G22d_var, G32u_ave, G32u_var, G32d_ave, G32d_var, G13u_ave, G13u_var, G13d_ave, G13d_var, G23u_ave, G23u_var, G23d_ave, G23d_var, G33u_ave, G33u_var, G33d_ave, G33d_var
        0.0000000001   14   14   14        3.4608288131        0.2871867869        0.6340614206        0.3409233156        0.0152408883        0.0695494933        2.8964365036        0.2766953369        0.0399596088        0.1003184374       -0.0144686141        0.0704502075        2.9473298563        0.2550906858       -0.0356524647        0.0925240530        3.4665142668        0.2901688859        3.4747260113        0.2780897469       -0.0377661443        0.0992100495        2.9370044323        0.2472056147       -0.0150285938        0.0670461137        0.0405195883        0.1066427969        2.8845110131        0.2644698553        0.0147272754        0.0696176569        0.6493886594        0.3577089179        3.4636242151        0.2862162490
        0.0121212122   14   14   14        3.4601998486        0.2830872249        0.6337376182        0.3314774962        0.0163011899        0.0742408601        2.8992720394        0.2711482060        0.0423583994        0.1076439971       -0.0141502196        0.0719746523        2.9465987159        0.2549502005       -0.0312387471        0.0973803522        3.4668210328        0.2868157050        3.4727554591        0.2730353638       -0.0333040455        0.1026096796        2.9385989913        0.2465218625       -0.0124572797        0.0693447625        0.0405792014        0.1111048779        2.8851357416        0.2612034295        0.0149283643        0.0751467932        0.6456652202        0.3440137248        3.4628361162        0.2840281695
        0.0242424243   14   14   14        3.4633746403        0.2779543444        0.6411054175        0.3201486113        0.0169031658        0.0808157217        2.8966994321        0.2670535852        0.0439783303        0.1195681844       -0.0135487133        0.0772404405        2.9439220753        0.2533542996       -0.0271254398        0.1068513882        3.4723507984        0.2852944836        3.4765227842        0.2705963344       -0.0298124103        0.1114700455        2.9370631190        0.2459167949       -0.0108900662        0.0721545862        0.0404543022        0.1167047255        2.8830662064        0.2586195141        0.0146332310        0.0791091366        0.6487816773        0.3246699161        3.4658702843        0.2815861340
        0.0363636365   14   14   14        3.4684992401        0.2791194233        0.6493769962        0.3147112943        0.0165229076        0.0848961329        2.8907317494        0.2654477658        0.0439336052        0.1241887591       -0.0111529926        0.0798395380        2.9383590064        0.2523982528       -0.0243514239        0.1131729148        3.4803667508        0.2851460533        3.4826521149        0.2749960496       -0.0273692045        0.1161920896        2.9330558619        0.2468971896       -0.0089076400        0.0738044055        0.0404262538        0.1168560774        2.8791456121        0.2594467820        0.0127584193        0.0794467515        0.6531828502        0.3104892558        3.4702361491        0.2804525595
        0.0484848486   14   14   14        3.4726917696        0.2826589491        0.6511871042        0.3067013039        0.0142877609        0.0851266348        2.8837345703        0.2644772955        0.0405669280        0.1195746523       -0.0073752072        0.0807280010        2.9310520676        0.2533299435       -0.0238392917        0.1165561051        3.4874213422        0.2852275491        3.4904627931        0.2802074488       -0.0251126835        0.1165813020        2.9267372205        0.2486218937       -0.0059791301        0.0750230881        0.0385506404        0.1144855066        2.8737406874        0.2611514795        0.0105301941        0.0802048905        0.6559260729        0.2998719578        3.4746067960        0.2825387130
        0.0606060607   14   14   14        3.4780578666        0.2861382084        0.6597527471        0.3063433252        0.0122089882        0.0836641578        2.8733746438        0.2642715462        0.0385903055        0.1184116709       -0.0042702307        0.0816276608        2.9225534277        0.2545747062       -0.0242289391        0.1149327490        3.4966108775        0.2851732571        3.5018617688        0.2844348511       -0.0243757117        0.1166994427        2.9171557637        0.2513526612       -0.0031265519        0.0768220534        0.0358286069        0.1135350132        2.8646378818        0.2660576225        0.0093386133        0.0848995731        0.6665777644        0.3033535236        3.4829218741        0.2868343427
        0.0727272728   14   14   14        3.4849391127        0.2883531188        0.6721405304        0.3042401887        0.0099773561        0.0827368128        2.8621360896        0.2652282856        0.0383142343        0.1184714320       -0.0010459168        0.0796809783        2.9132376207        0.2558732918       -0.0252482824        0.1138350079        3.5081014731        0.2879847910        3.5133378537        0.2837968362       -0.0258087365        0.1167799892        2.9074407860        0.2532655591       -0.0003926842        0.0771245264        0.0326028150        0.1098067037        2.8551746484        0.2702718742        0.0083090585        0.0865463030        0.6782807385        0.3011810256        3.4921508292        0.2903952026
        0.0848484849   14   14   14        3.4937356287        0.2892153363        0.6857323507        0.3027755912        0.0080063636        0.0831223627        2.8513888026        0.2670824027        0.0373138750        0.1184839727        0.0019347138        0.0773208905        2.9021386724        0.2575664907       -0.0260516498        0.1139659905        3.5219023702        0.2917423369        3.5233466219        0.2812822967       -0.0288337612        0.1205176252        2.8979123094        0.2538080762        0.0022907000        0.0781170626        0.0296578429        0.1054371427        2.8443314521        0.2728711087        0.0076509001        0.0871941098        0.6928980788        0.2980370117        3.5022114883        0.2928031783
        0.0969696971   14   14   14        3.5021486112        0.2898143127        0.6983933940        0.2961907068        0.0075845842        0.0831905830        2.8406714060        0.2678442191        0.0338695351        0.1163393781        0.0045379302        0.0756295760        2.8895418394        0.2581193372       -0.0276164040        0.1141406123        3.5342432434        0.2937600728        3.5328217910        0.2826902255       -0.0317372487        0.1237701407        2.8868424472        0.2554219535        0.0056128059        0.0803322891        0.0268461216        0.1052086339        2.8304493922        0.2750074533        0.0065275089        0.0876657455        0.7103811603        0.3020941120        3.5130697278        0.2942424293
        0.1090909092   14   14   14        3.5142421318        0.2951177676        0.7113969090        0.2858601326        0.0072767150        0.0856589661        2.8294821084        0.2684520407        0.0274247426        0.1125714450        0.0080645728        0.0766428520        2.8766105628        0.2588639704       -0.0289200839        0.1127241824        3.5485475861        0.2987025463        3.5434292296        0.2862554007       -0.0363620498        0.1263710091        2.8742869532        0.2554500391        0.0080941623        0.0830342745        0.0245719060        0.1049005854        2.8160568949        0.2782110947        0.0062466832        0.0877314113        0.7313682095        0.3093011729        3.5247006763        0.2987873480
        0.1212121213   14   14   14        3.5285138597        0.2982792577        0.7306222351        0.2878129671        0.0069366726        0.0899693125        2.8149597447        0.2718553360        0.0219495280        0.1085602549        0.0118179790        0.0806629796        2.8634605071        0.2611369094       -0.0312697328        0.1149357410        3.5638982707        0.3029027032        3.5572787675        0.2916607532       -0.0405522461        0.1261665449        2.8607975666        0.2562085075        0.0112828631        0.0844160901        0.0223134295        0.1032082940        2.8034742880        0.2797512558        0.0064724962        0.0881521815        0.7504698303        0.3098511497        3.5364410653        0.3041519342
        0.1333333334   14   14   14        3.5425095179        0.2974034268        0.7533617077        0.2970727506        0.0072738804        0.0934806216        2.8004993682        0.2759172702        0.0187589786        0.1096161233        0.0146813004        0.0853479643        2.8492634976        0.2630411456       -0.0369206032        0.1206821234        3.5736830747        0.3053513907        3.5703017865        0.2959937591       -0.0416526248        0.1235588455        2.8479127610        0.2574923988        0.0145052399        0.0856576999        0.0179935947        0.1016538531        2.7929362958        0.2800556155        0.0061030660        0.0897428507        0.7625059230        0.3095047040        3.5458507981        0.3078730004
        0.1454545455   14   14   14        3.5588981985        0.3014119949        0.7767105484        0.3074228833        0.0075341005        0.0976646306        2.7879960758        0.2771021369        0.0142888350        0.1113258885        0.0160145098        0.0896510453        2.8328695893        0.2671536352       -0.0435263636        0.1222662525        3.5852886297        0.3115012136        3.5821222242        0.2996047965       -0.0437848099        0.1225946752        2.8357775478        0.2577109821        0.0161479503        0.0885188786        0.0132305831        0.1033401510        2.7804866910        0.2823616491        0.0063677384        0.0924354027        0.7789068478        0.3135904297        3.5559431680        0.3105627789
        0.1575757577   14   14   14        3.5727411722        0.3071487982        0.7994465629        0.3192309879        0.0090992785        0.1007100230        2.7770723087        0.2750169509        0.0098934350        0.1094699035        0.0152150142        0.0922516842        2.8194904239        0.2689961412       -0.0499638375        0.1236666888        3.5966599306        0.3169086796        3.5946731698        0.3028406155       -0.0474735629        0.1242750621        2.8239674553        0.2595213995        0.0187524822        0.0908562045        0.0074508625        0.1069366882        2.7685697385        0.2852210670        0.0062230459        0.0959658906        0.7974561117        0.3240946151        3.5711044245        0.3162238386
        0.1696969698   14   14   14        3.5815287758        0.3093859423        0.8122735208        0.3230171455        0.0103941750        0.1025844490        2.7688425645        0.2735855439        0.0053565018        0.1047970301        0.0161633673        0.0951014907        2.8122715127        0.2703933763       -0.0548570699        0.1254807431        3.6003317571        0.3148957408        3.6034380153        0.3072233521       -0.0503630325        0.1228795472        2.8136592921        0.2615408022        0.0211983071        0.0912396454        0.0011838000        0.1066270700        2.7617341037        0.2881583368        0.0052541101        0.0998960793        0.8071331779        0.3260499391        3.5836276791        0.3231047341
        0.1818181819   14   14   14        3.5887201342        0.3119128685        0.8192258526        0.3214440667        0.0089833172        0.1034770335        2.7612655118        0.2745147117        0.0016143457        0.1047251542        0.0188264290        0.0981366873        2.8037285067        0.2739931506       -0.0593785171        0.1220143426        3.6042556266        0.3156510990        3.6097776223        0.3132391134       -0.0529764079        0.1233807690        2.8046086224        0.2649130966        0.0216537421        0.0927399172       -0.0029773930        0.1065374994        2.7556824237        0.2936032700        0.0045865090        0.1011838601        0.8187715714        0.3280514374        3.5944986210        0.3262147759
        0.1939393940   14   14   14        3.5976057810        0.3137018422        0.8288522808        0.3189894059        0.0065691179        0.1034949879        2.7522027288        0.2777809801       -0.0004376172        0.1055743076        0.0226822721        0.0991390205        2.7939310670        0.2789168834       -0.0622569005        0.1185030523        3.6127995657        0.3195228300        3.6165553420        0.3179350893       -0.0559381441        0.1237744443        2.7964940470        0.2680169832        0.0225165922        0.0937822192       -0.0046905947        0.1045353739        2.7469636081        0.2984386290        0.0037836708        0.1006357439        0.8342706868        0.3268043409        3.6046578111        0.3258930727
        0.2060606061   14   14   14        3.6117351409        0.3152714203        0.8475968525        0.3173986333        0.0052526192        0.1032572805        2.7414523656        0.2816067409       -0.0014867829        0.1076104021        0.0264517591        0.0992477037        2.7842524091        0.2815030286       -0.0650271955        0.1187130455        3.6225392201        0.3256335142        3.6286517136        0.3229209616       -0.0579336023        0.1244573109        2.7852335089        0.2699034609        0.0238884461        0.0947113095       -0.0055394774        0.1016759291        2.7353880419        0.2982111677        0.0030711192        0.1024676176        0.8544589690        0.3303274359        3.6162038155        0.3257649263
        0.2181818183   14   14   14        3.6265458569        0.3175246878        0.8780817706        0.3282034199        0.0074846888        0.1063391075        2.7277177204        0.2844060928       -0.0004087051        0.1104961964        0.0278223493        0.1037750383        2.7722151319        0.2821123979       -0.0700295731        0.1217362598        3.6320101580        0.3294520002        3.6447613644        0.3246559482       -0.0569429973        0.1248980744        2.7725505015        0.2682591136        0.0280732073        0.0948682999       -0.0087622815        0.1025493216        2.7244029720        0.2978247590        0.0004679139        0.1035246825        0.8707080624        0.3357427402        3.6314786095        0.3301214740
        0.2303030304   14   14   14        3.6447682598        0.3202670752        0.9063513674        0.3424039588        0.0072240840        0.1136994443        2.7132512749        0.2883784214       -0.0005277356        0.1139014233        0.0318619658        0.1082539164        2.7593269603        0.2799319066       -0.0701546413        0.1240525296        3.6473788086        0.3310237405        3.6581159986        0.3270835318       -0.0598405924        0.1242736187        2.7589038192        0.2706692574        0.0311398594        0.0946778681       -0.0113195607        0.1037135415        2.7121069397        0.2997043105        0.0012334686        0.1037418469        0.8918714797        0.3406223358        3.6452043710        0.3329876555
        0.2424242425   14   14   14        3.6613610507        0.3229259181        0.9305676235        0.3482843735        0.0063578544        0.1158513425        2.7005270915        0.2911972689       -0.0011767952        0.1157458010        0.0354473949        0.1101301243        2.7477456229        0.2756856425       -0.0695111767        0.1249250319        3.6620726411        0.3356165552        3.6733235857        0.3326423048       -0.0627588370        0.1268765985        2.7432470180        0.2765762607        0.0363020792        0.0953505565       -0.0126824691        0.1075164433        2.6992127955        0.2956402871        0.0009700773        0.1072829989        0.9142890780        0.3388100889        3.6615163446        0.3345346048
        0.2545454546   14   14   14        3.6755343709        0.3286966636        0.9465084290        0.3506878900        0.0029843635        0.1147111814        2.6884247859        0.2922016479       -0.0028542609        0.1168927588        0.0407312631        0.1108899977        2.7381886612        0.2747706005       -0.0687126237        0.1263292345        3.6779277670        0.3438997009        3.6900689970        0.3354794361       -0.0662320103        0.1292943353        2.7285280516        0.2776501863        0.0420166744        0.0978358889       -0.0110264486        0.1096498977        2.6877213037        0.2924623955        0.0000885846        0.1068901235        0.9396058773        0.3426626505        3.6802817168        0.3380502744
        0.2666666667   14   14   14        3.6951472501        0.3367393450        0.9656304003        0.3499845843       -0.0024963657        0.1150078449        2.6754014919        0.2934724797       -0.0028855613        0.1163141868        0.0487334308        0.1128893301        2.7276615751        0.2776043209       -0.0677371939        0.1283799804        3.6989864274        0.3523697211        3.7117817761        0.3412180643       -0.0682556380        0.1297367607        2.7143477825        0.2796740020        0.0487739105        0.1005988274       -0.0075905938        0.1120550603        2.6756160542        0.2942776557       -0.0035829014        0.1056643554        0.9641176868        0.3469912043        3.6996811464        0.3431235374
        0.2787878789   14   14   14        3.7172969785        0.3434538173        0.9891294319        0.3522890067       -0.0056376704        0.1157419364        2.6616575724        0.2948462092       -0.0030952533        0.1159691747        0.0577770506        0.1137215992        2.7165921137        0.2798119969       -0.0649272717        0.1282789894        3.7226586381        0.3553600850        3.7359539265        0.3478796276       -0.0679680693        0.1286200262        2.7002560277        0.2811125236        0.0553430865        0.1071690572       -0.0051528546        0.1128705278        2.6646643826        0.2916912002       -0.0062061157        0.1095622407        0.9927075596        0.3524723483        3.7240739989        0.3470424713
        0.2909090910   14   14   14        3.7410233677        0.3519682647        1.0127219242        0.3527741110       -0.0082593744        0.1154076744        2.6507570401        0.2953624095       -0.0044157162        0.1189203229        0.0648693124        0.1160973471        2.7037526916        0.2787892572       -0.0635544109        0.1258674354        3.7450179041        0.3554319949        3.7579846694        0.3537229792       -0.0660077089        0.1316939118        2.6883326283        0.2831408654        0.0632977682        0.1127722334       -0.0048381408        0.1164307054        2.6514643964        0.2908230414       -0.0100994158        0.1132254830        1.0173301141        0.3611501661        3.7470298356        0.3513100303
        0.3030303031   14   14   14        3.7626475252        0.3574052636        1.0305809456        0.3502749054       -0.0132798971        0.1150298876        2.6428125050        0.2938201552       -0.0046276143        0.1175580897        0.0713465632        0.1173501757        2.6915035676        0.2784133655       -0.0620058825        0.1251929541        3.7688223362        0.3588112457        3.7796701067        0.3572641493       -0.0626594401        0.1319997128        2.6800022397        0.2863997903        0.0735980229        0.1150235320       -0.0064404812        0.1152772719        2.6395101067        0.2913964413       -0.0152893205        0.1144047244        1.0326259115        0.3575200145        3.7674638426        0.3521383227
        0.3151515152   14   14   14        3.7872962441        0.3640041626        1.0449674718        0.3565732233       -0.0198397971        0.1162152188        2.6378194842        0.2942704000       -0.0048338437        0.1160042181        0.0798356475        0.1174945991        2.6752150733        0.2791197297       -0.0565652937        0.1247043331        3.7913251232        0.3588968590        3.7968514368        0.3577832106       -0.0604251266        0.1278949896        2.6658289266        0.2876386570        0.0834685284        0.1159257849       -0.0063015652        0.1143566268        2.6277743447        0.2932741582       -0.0204047255        0.1142733015        1.0527041691        0.3552355664        3.7906533327        0.3522933986
        0.3272727273   14   14   14        3.8116785282        0.3706476079        1.0595366658        0.3539637191       -0.0262235857        0.1150017577        2.6298055592        0.2981022027       -0.0043797904        0.1151599878        0.0917329268        0.1199075625        2.6586317825        0.2806090428       -0.0532000027        0.1239623716        3.8096600341        0.3512878348        3.8132055316        0.3505513976       -0.0556569189        0.1249665032        2.6526293686        0.2889076388        0.0934570828        0.1158715831       -0.0045632308        0.1146612861        2.6173040153        0.2983154272       -0.0258073945        0.1115576403        1.0694462023        0.3541792023        3.8105779264        0.3535114576
        0.3393939395   14   14   14        3.8355111382        0.3684931819        1.0718616742        0.3550778349       -0.0331047981        0.1160596922        2.6212616728        0.3053486846       -0.0056694832        0.1132125701        0.1036135101        0.1247922482        2.6439069484        0.2830789580       -0.0521430869        0.1263732428        3.8327668307        0.3545522557        3.8345874534        0.3441384619       -0.0517399899        0.1256440108        2.6424894234        0.2863100251        0.1039179522        0.1187483698       -0.0033680600        0.1141431052        2.6095785022        0.2985085437       -0.0325232582        0.1122417450        1.0840177966        0.3595552854        3.8334055682        0.3605951452
        0.3515151516   14   14   14        3.8568121510        0.3703842747        1.0836696167        0.3556611902       -0.0408015978        0.1149774701        2.6105495225        0.3062621898       -0.0081079442        0.1128115539        0.1136834659        0.1259427993        2.6298990501        0.2854082158       -0.0504331059        0.1269765853        3.8574248555        0.3603425101        3.8589719438        0.3476508074       -0.0509069764        0.1268488221        2.6278780943        0.2846911881        0.1145360946        0.1224998419       -0.0033707548        0.1144279008        2.6013109652        0.2976012971       -0.0421464567        0.1132036187        1.0961665574        0.3611897860        3.8575308300        0.3697650580
        0.3636363637   14   14   14        3.8846139245        0.3741690765        1.1079429947        0.3583019932       -0.0478089359        0.1162829879        2.5985207853        0.3039085614       -0.0089538823        0.1140862328        0.1213873267        0.1290241810        2.6094510491        0.2824675770       -0.0499978991        0.1260384991        3.8857872907        0.3605217921        3.8903155101        0.3480141614       -0.0483534353        0.1263771683        2.6065672935        0.2841622894        0.1262486246        0.1251277216       -0.0076348950        0.1156139115        2.5931756515        0.2963826432       -0.0525503781        0.1133531786        1.1108003681        0.3640147326        3.8904099168        0.3765330310
        0.3757575758   14   14   14        3.9121189572        0.3808858666        1.1353392074        0.3665303442       -0.0549790557        0.1190638417        2.5850947184        0.3043947216       -0.0079558059        0.1161154116        0.1287501700        0.1295421845        2.5911598907        0.2780766072       -0.0505965042        0.1295755051        3.9137451313        0.3624516906        3.9190957218        0.3534368837       -0.0449431181        0.1256451958        2.5914626864        0.2847751376        0.1352658409        0.1267275134       -0.0108235153        0.1157569904        2.5845392148        0.2993576216       -0.0586366953        0.1158857296        1.1209222062        0.3647723032        3.9101874726        0.3795793354
        0.3878787879   14   14   14        3.9366074868        0.3795371933        1.1633273402        0.3743723550       -0.0617811795        0.1216976819        2.5688050444        0.3025425478       -0.0057563207        0.1156451235        0.1369375537        0.1292719864        2.5729729084        0.2774186254       -0.0524732724        0.1325920502        3.9395237437        0.3639077495        3.9478600005        0.3572943218       -0.0417931361        0.1294508375        2.5753167638        0.2850391327        0.1445481675        0.1287339721       -0.0127651419        0.1170956491        2.5748501395        0.3018409095       -0.0672609796        0.1176693826        1.1340750173        0.3611147406        3.9334994720        0.3762216549
        0.4000000001   14   14   14        3.9592484114        0.3827538270        1.1732389807        0.3779083062       -0.0684974484        0.1234532722        2.5615487638        0.2984612525       -0.0080067639        0.1139788613        0.1479564548        0.1288746153        2.5581127760        0.2776750200       -0.0510163317        0.1306357864        3.9618595340        0.3676309775        3.9699146075        0.3561269454       -0.0383039658        0.1278217464        2.5627700685        0.2877252341        0.1501329981        0.1271474917       -0.0142839741        0.1153261779        2.5650393552        0.2976554785       -0.0730101558        0.1166765145        1.1519727986        0.3578621413        3.9544392815        0.3693508606
        0.4121212122   14   14   14        3.9815345831        0.3917439143        1.1732424648        0.3724662629       -0.0790229173        0.1231777993        2.5575869231        0.2984964212       -0.0110758836        0.1146986770        0.1606063942        0.1297415245        2.5424072265        0.2791698154       -0.0453298881        0.1317647185        3.9865544173        0.3724464223        3.9905196408        0.3537767347       -0.0356426063        0.1255648192        2.5481292844        0.2875262739        0.1559496777        0.1272854075       -0.0157356844        0.1113529808        2.5523802627        0.2899392173       -0.0768589846        0.1162610158        1.1698150249        0.3581130443        3.9707396343        0.3722325205
        0.4242424243   14   14   14        3.9974794390        0.3881475023        1.1763003638        0.3700887331       -0.0851051106        0.1235523362        2.5546143418        0.2994386406       -0.0139068818        0.1169274878        0.1675527406        0.1329744600        2.5260057432        0.2804063136       -0.0420716190        0.1326374330        4.0068988410        0.3751918199        4.0100865305        0.3523338308       -0.0353327292        0.1267129320        2.5295569434        0.2851175466        0.1687693694        0.1292608085       -0.0216457855        0.1107339818        2.5421141171        0.2872122678       -0.0862553902        0.1194407503        1.1827564143        0.3594741972        4.0015410769        0.3769672068
        0.4363636364   14   14   14        4.0195013994        0.3864821996        1.1874083108        0.3670398269       -0.0897804059        0.1275070286        2.5519669410        0.2977474027       -0.0187995426        0.1157183275        0.1715461991        0.1360771978        2.5129010734        0.2779740393       -0.0400475689        0.1328362439        4.0293400582        0.3696957299        4.0317457583        0.3501061091       -0.0357157960        0.1260254415        2.5148271458        0.2832893901        0.1797472147        0.1346237515       -0.0260184204        0.1118145295        2.5386044089        0.2923758668       -0.0934328006        0.1221023505        1.1956833029        0.3581181263        4.0334861478        0.3831273106
        0.4484848485   14   14   14        4.0490836018        0.3911167345        1.2019035613        0.3652139819       -0.0982875852        0.1287102627        2.5469987482        0.2966390268       -0.0233980185        0.1143362609        0.1784956916        0.1361789898        2.5002127805        0.2786465393       -0.0410402959        0.1329753734        4.0626401599        0.3683366371        4.0663610090        0.3477427249       -0.0358288983        0.1243949852        2.5017033211        0.2824293159        0.1872761104        0.1346098314       -0.0268159217        0.1115336828        2.5345235039        0.2978278764       -0.1007678148        0.1243514811        1.2129090076        0.3612640299        4.0622923508        0.3883708837
        0.4606060607   14   14   14        4.0744353513        0.3936369073        1.2059097098        0.3666126249       -0.1075019811        0.1269450121        2.5415824845        0.2980603464       -0.0301146290        0.1104903083        0.1893265469        0.1338352659        2.4871722371        0.2764719862       -0.0406499738        0.1351191749        4.0914469072        0.3700752999        4.0934850837        0.3461160296       -0.0359212617        0.1236310339        2.4898627698        0.2758781203        0.1895357738        0.1361184226       -0.0268850378        0.1070859919        2.5315605042        0.2996686244       -0.1058316994        0.1247046324        1.2232740775        0.3614020455        4.0770870930        0.3944471794
        0.4727272728   14   14   14        4.0899092341        0.3857074860        1.1990804452        0.3613515552       -0.1151707487        0.1294126853        2.5416383311        0.2924099042       -0.0345259884        0.1083655413        0.1994937210        0.1333742587        2.4779387164        0.2769722709       -0.0388875470        0.1305011911        4.1148683991        0.3689625525        4.1158961929        0.3540399582       -0.0369135870        0.1270174093        2.4788848826        0.2691781492        0.1913382787        0.1320470192       -0.0289187856        0.1024769739        2.5249809705        0.2979943776       -0.1123184301        0.1236703800        1.2273311654        0.3572753459        4.0848876301        0.3870408276
        0.4848484849   14   14   14        4.0943109777        0.3836668829        1.1906767690        0.3530379902       -0.1202449259        0.1294987930        2.5436194517        0.2924757715       -0.0364466621        0.1063595588        0.2033231013        0.1337083543        2.4739172070        0.2827526722       -0.0379295305        0.1268173205        4.1354062364        0.3756148365        4.1393489064        0.3609304641       -0.0379233007        0.1266245609        2.4699807423        0.2717557076        0.1957291206        0.1334472947       -0.0311845476        0.0992939404        2.5191189984        0.2917225911       -0.1190678413        0.1245847222        1.2318524234        0.3582654601        4.0969529250        0.3805948374
        0.4969696970   14   14   14        4.0994911014        0.3863398684        1.1876145485        0.3508105140       -0.1264349451        0.1294675904        2.5380121182        0.2932013350       -0.0380069655        0.1062038366        0.2094225244        0.1349854879        2.4675860893        0.2828019369       -0.0355168926        0.1232535348        4.1580969534        0.3751113542        4.1575626627        0.3627953684       -0.0355057643        0.1298980453        2.4681315087        0.2786340324        0.2004958314        0.1339048324       -0.0305696734        0.0995457817        2.5138176106        0.2885353410       -0.1228389493        0.1248081122        1.2350593017        0.3614678709        4.1027813660        0.3817389153
        0.5090909091   14   14   14        4.1032673990        0.3834917421        1.1855247859        0.3611430713       -0.1321553909        0.1286372779        2.5320286251        0.2908625186       -0.0375102708        0.1054695254        0.2160483264        0.1351577154        2.4644137231        0.2874698433       -0.0321868516        0.1253821597        4.1745018292        0.3724845718        4.1751058304        0.3705678273       -0.0322101755        0.1295510246        2.4637863980        0.2807286141        0.2052399904        0.1303689606       -0.0289240766        0.1019937264        2.5129346486        0.2901308050       -0.1276527339        0.1262754442        1.2286064926        0.3617661462        4.1033579424        0.3917804243
        0.5212121213   14   14   14        4.1112510571        0.3787853159        1.1857847068        0.3580193812       -0.1378707289        0.1286720418        2.5282290115        0.2858329486       -0.0372970478        0.1044323312        0.2220695604        0.1347020411        2.4639301856        0.2900685634       -0.0297365754        0.1278992294        4.1892690395        0.3795150595        4.1953004554        0.3744605191       -0.0284990972        0.1288121024        2.4591362475        0.2791448310        0.2089440934        0.1308908315       -0.0280917768        0.1046037631        2.5143917880        0.2932394121       -0.1313564323        0.1286552729        1.2232034168        0.3629005920        4.1059875084        0.3964717212
        0.5333333334   14   14   14        4.1136965056        0.3776387295        1.1844087349        0.3530346270       -0.1409854933        0.1292767448        2.5248198012        0.2809983028       -0.0388602663        0.1041480147        0.2246222104        0.1359772721        2.4604934200        0.2883408358       -0.0269794808        0.1273107235        4.2075983400        0.3839861084        4.2107975196        0.3687706879       -0.0278450840        0.1299249695        2.4564286372        0.2849719331        0.2081890947        0.1320556641       -0.0298124933        0.1019228739        2.5139511026        0.2927263850       -0.1334649216        0.1298167755        1.2267987299        0.3642802066        4.1122163417        0.3912824680
        0.5454545455   14   14   14        4.1079500952        0.3718920720        1.1905509321        0.3548001915       -0.1387819226        0.1267939201        2.5214461644        0.2796166955       -0.0354736687        0.1061468693        0.2216974079        0.1337948256        2.4572644073        0.2866467093       -0.0231714310        0.1259039091        4.2263170818        0.3806166867        4.2260440337        0.3647613903       -0.0232246643        0.1309317568        2.4574842221        0.2832214264        0.2069036975        0.1306166749       -0.0326752653        0.1010286496        2.5133237527        0.2866043048       -0.1347602948        0.1334670890        1.2294583020        0.3576644987        4.1171213119        0.3870755456
        0.5575757576   14   14   14        4.1055012431        0.3726057253        1.1960759250        0.3590412819       -0.1364238112        0.1284323233        2.5206940671        0.2805479448       -0.0325369936        0.1055420988        0.2197704456        0.1309800645        2.4586029835        0.2891951302       -0.0223344352        0.1245018349        4.2340160515        0.3755873747        4.2352123826        0.3643130947       -0.0168867228        0.1278090100        2.4628543647        0.2791016328        0.2075020203        0.1301711646       -0.0344430312        0.1006003472        2.5195076568        0.2782526992       -0.1346633110        0.1353362570        1.2218129733        0.3478301562        4.1179289931        0.3853300719
        0.5696969697   14   14   14        4.0978218264        0.3759513766        1.1950452998        0.3603942265       -0.1324267876        0.1284901713        2.5193784121        0.2836701553       -0.0336843138        0.1044295734        0.2172870134        0.1321684060        2.4691642434        0.2905044929       -0.0235409055        0.1269896795        4.2340017973        0.3733093635        4.2445744719        0.3760475349       -0.0150957183        0.1278422136        2.4670367556        0.2769930944        0.2074999251        0.1295042944       -0.0343861140        0.1018041121        2.5220490960        0.2762052251       -0.1338143656        0.1338625679        1.2160101141        0.3553218526        4.1137596147        0.3879168300
        0.5818181819   14   14   14        4.0941622059        0.3846472431        1.1907673747        0.3623559554       -0.1304987828        0.1314712540        2.5216916264        0.2868750250       -0.0363938997        0.1013700871        0.2148105231        0.1349928892        2.4751586796        0.2875806322       -0.0219067102        0.1288347931        4.2395731187        0.3709682110        4.2505762365        0.3803518674       -0.0142886913        0.1277856958        2.4717735806        0.2753859016        0.2053055925        0.1297006680       -0.0329948740        0.1021417376        2.5264355574        0.2801191172       -0.1318828284        0.1308858480        1.2131978102        0.3581554283        4.1098166625        0.3978258429
        0.5939393940   14   14   14        4.0891831123        0.3924378232        1.1913110207        0.3661413925       -0.1302817531        0.1324976306        2.5223637046        0.2923945176       -0.0338516204        0.0967108089        0.2113750125        0.1331621328        2.4798175966        0.2865210822       -0.0194930984        0.1297145016        4.2551022834        0.3696193082        4.2629870402        0.3836001881       -0.0103700431        0.1286277247        2.4810558935        0.2800143397        0.2035963041        0.1272358509       -0.0330782233        0.1014743855        2.5316798410        0.2872498180       -0.1281767133        0.1278700341        1.2113326099        0.3418155515        4.1078636920        0.3969050613
        0.6060606061   14   14   14        4.0875728655        0.3887723249        1.1889738946        0.3605773840       -0.1289013626        0.1317107584        2.5270989360        0.2920630987       -0.0319845061        0.0978725322        0.2106141662        0.1291414019        2.4882964633        0.2866375716       -0.0152536231        0.1318790086        4.2710006002        0.3669378445        4.2766379107        0.3841938395       -0.0094520019        0.1309442015        2.4884607740        0.2825153466        0.2044033450        0.1245107931       -0.0309987294        0.1019640403        2.5371063344        0.2885999086       -0.1256087983        0.1247240324        1.2128429806        0.3460495877        4.1109601878        0.3889546784
        0.6181818182   14   14   14        4.0909860997        0.3846395787        1.1879826205        0.3595756506       -0.1283646696        0.1320641586        2.5308005721        0.2891729769       -0.0306670676        0.0998273041        0.2131699986        0.1272515133        2.4981401882        0.2860091257       -0.0103277682        0.1368632704        4.2888080418        0.3670654246        4.2889945399        0.3851366181       -0.0092935683        0.1273240733        2.4989883961        0.2838600948        0.2057796999        0.1265609572       -0.0290495393        0.0987000046        2.5437253260        0.2810581777       -0.1247098336        0.1238055474        1.2058521471        0.3471593906        4.1091167755        0.3835258580
        0.6303030304   14   14   14        4.0885677801        0.3775579191        1.1874666762        0.3590433823       -0.1246137337        0.1309809883        2.5372652930        0.2861544420       -0.0280539394        0.1008772089        0.2111681381        0.1286940882        2.5118385594        0.2887201330       -0.0072352145        0.1340466431        4.3000245216        0.3655310957        4.3056061652        0.3815896503       -0.0070350383        0.1227624139        2.5064570918        0.2848946484        0.2085781946        0.1253981057       -0.0282255564        0.1001408198        2.5474472405        0.2758730748       -0.1259008871        0.1213231080        1.1955582739        0.3398838935        4.1057101523        0.3783681531
        0.6424242425   14   14   14        4.0886890150        0.3705218528        1.1840430035        0.3555546835       -0.1210438321        0.1279323750        2.5473793684        0.2825945994       -0.0264803304        0.1033134898        0.2097424810        0.1264683121        2.5219227164        0.2907034965       -0.0060981920        0.1302925350        4.3108293860        0.3645935285        4.3172470277        0.3835961683       -0.0029257415        0.1214415106        2.5186775251        0.2848618276        0.2111650881        0.1258513927       -0.0282584283        0.1001851797        2.5493372949        0.2778477902       -0.1285711131        0.1194852158        1.1834486053        0.3384572608        4.1007805292        0.3818717196
        0.6545454546   14   14   14        4.0895386290        0.3741506560        1.1770683980        0.3514251060       -0.1215049406        0.1259522724        2.5538101801        0.2897609585       -0.0243417942        0.1043640473        0.2128133162        0.1254926883        2.5345903809        0.2904546895       -0.0038905433        0.1270840217        4.3231750529        0.3631261839        4.3339054398        0.3831777229        0.0026523045        0.1231340055        2.5304028419        0.2837525875        0.2150446804        0.1279814644       -0.0265976949        0.0991826607        2.5571575995        0.2789298916       -0.1296502233        0.1210015112        1.1756754288        0.3397688177        4.1041256267        0.3937606451
        0.6666666667   14   14   14        4.0896091694        0.3889905919        1.1710916714        0.3509726035       -0.1206442224        0.1230086179        2.5595113919        0.2962940956       -0.0220134380        0.1081481100        0.2163484455        0.1240788261        2.5494413079        0.2913812584       -0.0025897695        0.1296644450        4.3393942214        0.3692378109        4.3568600788        0.3844068892        0.0046515651        0.1237821867        2.5392167850        0.2819165491        0.2162380698        0.1309669608       -0.0225339459        0.0960438855        2.5610538937        0.2824477334       -0.1272492317        0.1258819679        1.1818388721        0.3436142711        4.1089140134        0.3932007993
        0.6787878788   14   14   14        4.0920154128        0.3921818169        1.1712994875        0.3447213949       -0.1173689645        0.1219308909        2.5644919750        0.2934639311       -0.0195625793        0.1071150152        0.2192924072        0.1281439801        2.5629616737        0.2935087445       -0.0016450606        0.1300339689        4.3553844979        0.3706922006        4.3790800823        0.3895629990        0.0085579013        0.1267635916        2.5494690507        0.2844076010        0.2144600347        0.1293917547       -0.0184077026        0.0982953011        2.5685858230        0.2871624278       -0.1215258074        0.1269710446        1.1861686114        0.3460334371        4.1091479793        0.3905505757
        0.6909090910   14   14   14        4.0999454649        0.3859189524        1.1658846504        0.3435470103       -0.1163195460        0.1218220514        2.5744616245        0.2929952808       -0.0217049936        0.1066319148        0.2215746504        0.1273537790        2.5747306134        0.2935978266        0.0030658822        0.1279991282        4.3786375709        0.3724088439        4.3984300788        0.3941735405        0.0104458565        0.1308111939        2.5623180798        0.2860232086        0.2103549434        0.1293004424       -0.0140040574        0.1003796284        2.5795510652        0.2891058781       -0.1155038335        0.1277200335        1.1898458831        0.3504487270        4.1092597826        0.3971173747
        0.7030303031   14   14   14        4.1079219112        0.3801937700        1.1669068482        0.3456667369       -0.1152879413        0.1218888836        2.5835760171        0.2940625599       -0.0202960057        0.1033096285        0.2218550987        0.1242827046        2.5858477101        0.2975703018        0.0068988563        0.1270663423        4.4062929366        0.3812307519        4.4192211332        0.3986750492        0.0112844706        0.1314845048        2.5773051285        0.2859707242        0.2106984918        0.1244425886       -0.0116765633        0.0984566838        2.5859924643        0.2875927597       -0.1111720798        0.1253695983        1.1907532208        0.3436331166        4.1102928206        0.3974254376
        0.7151515152   14   14   14        4.1053558030        0.3810642135        1.1716924234        0.3394645493       -0.1086934270        0.1209980483        2.5901635713        0.2942902647       -0.0172581343        0.1022223728        0.2175482469        0.1224335917        2.5992415328        0.2969844947        0.0092051700        0.1246506107        4.4249507022        0.3868720727        4.4401894634        0.4050300805        0.0167514461        0.1294646717        2.5915490476        0.2860089588        0.2127294225        0.1228875005       -0.0133839931        0.0967269537        2.5918214582        0.2896010634       -0.1114115153        0.1245198337        1.1824427327        0.3354805332        4.1117891219        0.3920843592
        0.7272727273   14   14   14        4.1021726159        0.3822530809        1.1754111842        0.3357323817       -0.1034497252        0.1193020832        2.5928758987        0.2923427316       -0.0162464870        0.0994857154        0.2141893208        0.1246345271        2.6152869759        0.2984817511        0.0119830852        0.1311099127        4.4465279276        0.3859186861        4.4650988631        0.3998859859        0.0181297457        0.1246282545        2.6028627011        0.2856812242        0.2127613670        0.1234996020       -0.0136817681        0.0971201589        2.5992582351        0.2931814152       -0.1083173534        0.1245322620        1.1790185996        0.3346885014        4.1130373234        0.3935998746
        0.7393939394   14   14   14        4.1049330330        0.3804427350        1.1746863892        0.3371484702       -0.1018208340        0.1196097597        2.5962349416        0.2954745527       -0.0165211283        0.1006776512        0.2156697141        0.1279241566        2.6285223162        0.3032577287        0.0135442911        0.1287541963        4.4636147321        0.3856713896        4.4807666247        0.4010077115        0.0173534596        0.1232935710        2.6151796074        0.2857000282        0.2080877229        0.1246347585       -0.0139524526        0.0967791117        2.6093211155        0.2967928752       -0.1005846708        0.1238319043        1.1792421900        0.3330425418        4.1111881370        0.3876211779
        0.7515151516   14   14   14        4.1082765556        0.3812460211        1.1720110115        0.3338777391       -0.0981245330        0.1207880477        2.6093450822        0.2983207011       -0.0113036532        0.0987677113        0.2174922762        0.1250721151        2.6397099387        0.3045255759        0.0186625769        0.1252447884        4.4737431729        0.3816194284        4.4881611505        0.4016264199        0.0200440350        0.1202462489        2.6266734198        0.2878587145        0.2113326999        0.1240125621       -0.0130219453        0.0968164154        2.6225815911        0.2939018980       -0.0982588020        0.1238415171        1.1700368180        0.3309716896        4.1152318555        0.3863755636
        0.7636363637   14   14   14        4.1157110148        0.3859711546        1.1642545780        0.3296918576       -0.0962726949        0.1210087809        2.6253363849        0.2948114083       -0.0095533183        0.0928261926        0.2202940384        0.1223372806        2.6462693611        0.3092352533        0.0214132475        0.1212784514        4.4892385900        0.3790523491        4.4891757551        0.3946823438        0.0191694714        0.1181827635        2.6440884201        0.2953364327        0.2145682236        0.1214932187       -0.0090166081        0.0964096023        2.6302148112        0.3001240306       -0.0969505692        0.1209671685        1.1676779083        0.3331198040        4.1184281208        0.3857302746
        0.7757575758   14   14   14        4.1195709265        0.3825903323        1.1595916976        0.3327387433       -0.0917168577        0.1197418412        2.6406137695        0.2961270851       -0.0081647179        0.0943711516        0.2194838832        0.1199372622        2.6632221512        0.3099124280        0.0202928879        0.1241962265        4.4938211669        0.3756157914        4.4968724640        0.3920382044        0.0201561551        0.1177918037        2.6600341215        0.3009578518        0.2142109105        0.1201760520       -0.0041096997        0.0970261460        2.6413050689        0.3063484708       -0.0914350065        0.1203557298        1.1741506031        0.3366585100        4.1252112894        0.3865454028
        0.7878787879   14   14   14        4.1208608988        0.3808707159        1.1550220239        0.3353258387       -0.0882815368        0.1230309804        2.6565708392        0.3010466226       -0.0061098134        0.0931885892        0.2148766859        0.1182674143        2.6859281483        0.3106149881        0.0225747964        0.1274368229        4.5027168699        0.3862755020        4.5115705177        0.3885831416        0.0242286501        0.1160189697        2.6787283541        0.3013390112        0.2140188427        0.1156788745       -0.0017337013        0.0969556896        2.6651560558        0.3016347477       -0.0913904993        0.1161792552        1.1658737997        0.3351951879        4.1381728984        0.3803358845
        0.8000000000   14   14   14        4.1224957271        0.3761615192        1.1462036739        0.3379746345       -0.0832812214        0.1201174053        2.6808227132        0.2990215159       -0.0000177743        0.0920038901        0.2121703440        0.1157787001        2.7065184164        0.3087835014        0.0235886646        0.1255301811        4.5026650985        0.3821154796        4.5109755713        0.3947851119        0.0261792665        0.1128446741        2.7007985464        0.2994282418        0.2142105266        0.1117521883       -0.0015927206        0.0937261879        2.6917354112        0.2962017784       -0.0871397382        0.1154382633        1.1517440873        0.3329044452        4.1464224846        0.3727610423
        0.8121212122   14   14   14        4.1325110009        0.3747541281        1.1382950660        0.3313819159       -0.0770947802        0.1167090123        2.7090048488        0.2969736978        0.0017239790        0.0883265348        0.2098403096        0.1120927760        2.7295046193        0.3125797050        0.0206940717        0.1219355206        4.5004630977        0.3853720093        4.5091291026        0.3961441153        0.0277302693        0.1186246503        2.7278747831        0.3017391947        0.2133501831        0.1107740693        0.0001895420        0.0914763708        2.7205087324        0.3018138072       -0.0818715777        0.1153018037        1.1396459482        0.3342915510        4.1551869069        0.3726744070
        0.8242424243   14   14   14        4.1472639015        0.3722435060        1.1318775050        0.3308444379       -0.0711314279        0.1146008050        2.7395629140        0.2995282569        0.0033964713        0.0884327204        0.2080885263        0.1091057272        2.7600383348        0.3194009434        0.0171936122        0.1185969217        4.5049971738        0.3907793966        4.5169097885        0.4023459627        0.0274081029        0.1196081542        2.7583402107        0.3043801494        0.2128364781        0.1107518004       -0.0003586994        0.0877380365        2.7599193782        0.3060367243       -0.0786603214        0.1141979736        1.1219071713        0.3188331570        4.1736820479        0.3790947989
        0.8363636364   14   14   14        4.1789011594        0.3735070047        1.1371827387        0.3321201845       -0.0662339546        0.1147180214        2.7757231772        0.3004608036        0.0049826536        0.0884709150        0.2047439428        0.1100141976        2.7862223511        0.3282484050        0.0163579076        0.1185158736        4.5290866313        0.4000145240        4.5291635350        0.4132636850        0.0210164922        0.1207929831        2.7908040313        0.3127743215        0.2165509203        0.1094789562        0.0000263376        0.0893733863        2.7893934918        0.3119707725       -0.0782000444        0.1122057305        1.1249130327        0.3148215036        4.2090311515        0.3805770282
        0.8484848485   14   14   14        4.2299805170        0.3805823234        1.1539032684        0.3326524121       -0.0625037801        0.1154328169        2.8109809133        0.3070299956        0.0030372969        0.0903535901        0.2056298524        0.1092133870        2.8179425186        0.3349401759        0.0081094199        0.1194643859        4.5538726242        0.3981512761        4.5452315629        0.4120972638        0.0112505816        0.1189186794        2.8297247418        0.3158942455        0.2112445100        0.1089959710        0.0035090688        0.0925203926        2.8251436334        0.3119902459       -0.0710800843        0.1123381007        1.1467409332        0.3245230854        4.2507000915        0.3822931125
        0.8606060606   14   14   14        4.2943804792        0.3859591416        1.1847738569        0.3385736011       -0.0565443135        0.1142538888        2.8489989933        0.3199023881       -0.0004506479        0.0920672118        0.2036126651        0.1072506677        2.8488118356        0.3269738061       -0.0056769317        0.1178178920        4.5902314274        0.3973107211        4.5805250928        0.4034073627        0.0005737096        0.1184703434        2.8647688127        0.3111475676        0.2066598018        0.1143799549        0.0011909659        0.0925221501        2.8639263119        0.3146144826       -0.0609663630        0.1181770765        1.1835817170        0.3405879755        4.3139432191        0.3884410893
        0.8727272728   14   14   14        4.3667987724        0.3797198484        1.2204751124        0.3414275524       -0.0536317329        0.1151308757        2.8843000148        0.3230411862       -0.0062915481        0.0951310145        0.2021003655        0.1088186633        2.8861214711        0.3243615808       -0.0161249931        0.1176680405        4.6461068506        0.3950398945        4.6360874910        0.3972386734       -0.0100731300        0.1163876593        2.9021926987        0.3162563901        0.2052895482        0.1139933636       -0.0019098270        0.0949047409        2.9039209241        0.3236102892       -0.0550000181        0.1214993009        1.2234979337        0.3493361208        4.3896182511        0.3937354906
        0.8848484849   14   14   14        4.4500477503        0.3816817498        1.2579308683        0.3463533626       -0.0510845180        0.1158551273        2.9265750004        0.3281054365       -0.0101936509        0.0986601124        0.2042637209        0.1116113709        2.9328714683        0.3323808429       -0.0244618329        0.1179893747        4.7161938376        0.3924866228        4.7011135481        0.4035828963       -0.0242347918        0.1196331761        2.9481787993        0.3243832631        0.2046686311        0.1103203542       -0.0014793083        0.0972805642        2.9499174460        0.3234935790       -0.0475375887        0.1238528984        1.2696220288        0.3486629882        4.4732250083        0.3936539248
        0.8969696970   14   14   14        4.5383848514        0.3825368413        1.2925811404        0.3456940902       -0.0487823918        0.1168437757        2.9810451321        0.3319399977       -0.0110623088        0.0995612116        0.2049138784        0.1120300331        2.9874063578        0.3352169279       -0.0274052028        0.1179452243        4.7960749398        0.3984070974        4.7774550197        0.4029852567       -0.0338277404        0.1201236763        2.9996037405        0.3288910012        0.2034368404        0.1081548287        0.0014703975        0.1019959807        3.0033975788        0.3297982660       -0.0424208594        0.1198908856        1.3217623715        0.3491950381        4.5695472538        0.3982186220
        0.9090909091   14   14   14        4.6348066951        0.3809767543        1.3311088702        0.3359782422       -0.0435323084        0.1164424105        3.0423814344        0.3400201716       -0.0116608827        0.1033587014        0.2061231988        0.1099652079        3.0507972498        0.3397950234       -0.0322603086        0.1143110089        4.8741084512        0.3926494228        4.8574848794        0.4023634752       -0.0397199319        0.1203381019        3.0599611969        0.3320035526        0.1979657543        0.1154703607        0.0063733283        0.1044661238        3.0625708849        0.3437729009       -0.0375532635        0.1229024166        1.3778811673        0.3652517726        4.6695977411        0.3968559061
        0.9212121212   14   14   14        4.7454215327        0.4033902347        1.3901822603        0.3474895419       -0.0383712017        0.1171789823        3.1087779718        0.3453859504       -0.0054422750        0.1109190050        0.2026478243        0.1107734951        3.1322704698        0.3373809433       -0.0376096441        0.1147909383        4.9653157063        0.3879453946        4.9533707347        0.4010057949       -0.0419911082        0.1190708381        3.1398339773        0.3367961985        0.1895549486        0.1152280589        0.0067167716        0.1042841273        3.1329449966        0.3511034294       -0.0295932250        0.1217283723        1.4278995430        0.3613924947        4.7732759413        0.4022829024
        0.9333333334   14   14   14        4.8625015627        0.4207154632        1.4483252365        0.3648920699       -0.0299575122        0.1218855764        3.1886021420        0.3622533931       -0.0014043814        0.1121379304        0.1942122903        0.1150814897        3.2264235343        0.3341021920       -0.0370436296        0.1228098256        5.0891246102        0.3933873159        5.0740696767        0.4090825406       -0.0448315052        0.1206603439        3.2336905921        0.3479439399        0.1818107675        0.1175690363        0.0126334218        0.1122323322        3.2107758301        0.3613245102       -0.0201695531        0.1184654465        1.4950428479        0.3647887288        4.8951655770        0.4151801219
        0.9454545455   14   14   14        5.0127083061        0.4141209952        1.5169642089        0.3734962092       -0.0239467196        0.1212062349        3.2933500293        0.3750926171        0.0068137919        0.1193096313        0.1852611396        0.1170922854        3.3333161430        0.3486494281       -0.0402351095        0.1218252655        5.2329018131        0.4028824993        5.2150223207        0.4235366533       -0.0440483284        0.1213746805        3.3473824165        0.3621835290        0.1762810873        0.1164448804        0.0115020491        0.1166752554        3.3074560230        0.3701750957       -0.0166169444        0.1187767736        1.5472053793        0.3683823818        5.0360573854        0.4194506866
        0.9575757576   14   14   14        5.1940763160        0.4282340955        1.5910093197        0.3731911543       -0.0238740276        0.1221697674        3.4108771782        0.3914449597        0.0109058837        0.1122966018        0.1792216744        0.1188224971        3.4575171732        0.3707838814       -0.0461808973        0.1184347815        5.3986082777        0.4158693540        5.3912777648        0.4249945940       -0.0426178290        0.1229581924        3.4684107544        0.3708911366        0.1800660066        0.1172228125        0.0069554423        0.1182168061        3.4353122879        0.3790219935       -0.0222029730        0.1189160117        1.5828661404        0.3601481138        5.2134919654        0.4234562501
        0.9696969697   14   14   14        5.4190021301        0.4393377624        1.6488806061        0.3676118735       -0.0315093979        0.1236591444        3.5650300491        0.3983577332        0.0047340437        0.1160629053        0.1783161199        0.1159858470        3.6110184810        0.3691357565       -0.0462283342        0.1216985199        5.6095716470        0.4304384990        5.6046273890        0.4260836375       -0.0499025538        0.1223700037        3.6122885195        0.3765451011        0.1782706920        0.1201742425        0.0016959585        0.1261490559        3.5902372941        0.3837183103       -0.0316808611        0.1235469472        1.6367004930        0.3695781765        5.4351933822        0.4422147456
        0.9818181818   14   14   14        5.7108578352        0.4582677883        1.7061905177        0.3721750000       -0.0482374319        0.1241591608        3.7652589766        0.4061655209       -0.0144844096        0.1197836817        0.1766865000        0.1232577569        3.7792215072        0.3914005347       -0.0548355994        0.1231293563        5.8885269765        0.4362206249        5.8802580060        0.4364520089       -0.0644818299        0.1230991453        3.7778442471        0.3884876380        0.1771447455        0.1236635647       -0.0142172133        0.1255629341        3.7812969923        0.4038218937       -0.0470349648        0.1253431850        1.7169242984        0.3748111198        5.7366182136        0.4310011425
        0.9939393940   14   14   14        6.0664372788        0.4487061588        1.7855383727        0.3636997072       -0.0828763797        0.1299502887        3.9815443604        0.4160234616       -0.0427729799        0.1166518151        0.1737051855        0.1217225128        3.9198124357        0.4015162028       -0.0648267184        0.1220066148        6.2257680938        0.4518542011        6.2298226916        0.4538619593       -0.0626718142        0.1192489739        3.9179127421        0.4141809458        0.1721068308        0.1227469264       -0.0381376952        0.1156923522        3.9925402328        0.4102009761       -0.0833906261        0.1223209257        1.7807255998        0.3694704282        6.0669009851        0.4456084816
        1.0060606061   14   14   14        7.4458007157        0.4020376887        1.8910906943        0.3050091317       -0.0102063902        0.0103046515        2.3371066761        0.1885339051       -0.0021312060        0.0111987370        0.0040667732        0.0111151909        2.3538209154        0.1892404068       -0.0272445761        0.0149897002        7.6668225440        0.4171836564        7.6444965145        0.3994118371       -0.0275389821        0.0150652205        2.3564326812        0.1946939625        0.0040219625        0.0107326959       -0.0023034502        0.0113456898        2.3384756268        0.1949073476       -0.0101743939        0.0103935365        1.8827104660        0.2889936697        7.4427463654        0.3994914903
        1.0181818182   14   14   14        7.6693683931        0.4014409975        1.8562836383        0.2862666953       -0.0053076172        0.0051954870        1.7835035524        0.1431894671       -0.0022377721        0.0061161653        0.0000112450        0.0059662524        1.7985509055        0.1437406513       -0.0207390815        0.0098076578        7.8820287864        0.4131297200        7.8530332945        0.3952131220       -0.0207822041        0.0098768970        1.8012782424        0.1455454917        0.0000145519        0.0057815938       -0.0023199335        0.0060048631        1.7854266272        0.1455677832       -0.0053320451        0.0052386013        1.8517479261        0.2733500664        7.6716415094        0.3985334720
        1.0303030303   14   14   14        7.7488020360        0.3993721572        1.8310375236        0.2782224999       -0.0040154204        0.0036975621        1.5125917607        0.1215768513       -0.0024327236        0.0045319592       -0.0009855481        0.0043935604        1.5263307399        0.1219496452       -0.0180430673        0.0081340372        7.9525707402        0.4090338908        7.9216521601        0.3922267037       -0.0180190158        0.0081835254        1.5289045474        0.1228256576       -0.0009770160        0.0042945861       -0.0024874931        0.0043655744        1.5145745009        0.1229137243       -0.0040359223        0.0037228523        1.8286032090        0.2669163437        7.7532789518        0.3963315141
        1.0424242424   14   14   14        7.7892920913        0.3969071644        1.8119794462        0.2733195972       -0.0034069159        0.0029487716        1.3348269731        0.1074710761       -0.0025414675        0.0037123125       -0.0014170661        0.0035935931        1.3476343978        0.1077297151       -0.0164195336        0.0072356538        7.9845045141        0.4053216034        7.9528031861        0.3896094580       -0.0163652988        0.0072680741        1.3500251350        0.1081797082       -0.0014082276        0.0035389673       -0.0025826141        0.0035328574        1.3367528999        0.1083245179       -0.0034199717        0.0029659040        1.8109713831        0.2630159579        7.7950291455        0.3938510716
        1.0545454546   14   14   14        7.8126666842        0.3943913868        1.7968411902        0.2699027044       -0.0030521519        0.0024932142        1.2041370009        0.0971114830       -0.0025990273        0.0032032762       -0.0016488291        0.0031016545        1.2162401143        0.0972955695       -0.0152970664        0.0066550298        7.9998996828        0.4020125980        7.9678663637        0.3872713463       -0.0152262750        0.0066734982        1.2184543637        0.0975036204       -0.0016401782        0.0030735080       -0.0026323951        0.0030236431        1.2059711032        0.0976902454       -0.0030592922        0.0025058283        1.7968953368        0.2602884510        7.8192317716        0.3913835313
        1.0666666667   14   14   14        7.8268847280        0.3919483228        1.7843832069        0.2673414268       -0.0028203333        0.0021849418        1.1018328058        0.0889994852       -0.0026278682        0.0028543182       -0.0017893000        0.0027661148        1.1133790193        0.0891325579       -0.0144605410        0.0062407996        8.0067509907        0.3990585423        7.9746014809        0.3851643026       -0.0143795631        0.0062478489        1.1154315015        0.0891877662       -0.0017806876        0.0027553170       -0.0026564563        0.0026791239        1.1035664650        0.0894054987       -0.0028232437        0.0021947093        1.7852716538        0.2582306439        7.8340408412        0.3890238118
        1.0787878788   14   14   14        7.8356364765        0.3896232606        1.7738657277        0.2653307905       -0.0026577013        0.0019617836        1.0184610440        0.0823835785       -0.0026402489        0.0025995219       -0.0018815078        0.0025216162        1.0295520021        0.0824801684       -0.0138066116        0.0059265514        8.0087181141        0.3964068977        7.9765669113        0.3832524719       -0.0137188364        0.0059241492        1.0314589422        0.0824327970       -0.0018727544        0.0025229321       -0.0026657415        0.0024304191        1.0200951093        0.0826743085       -0.0026576646        0.0019695924        1.7754328655        0.2566031721        7.8432387536        0.3868014431
        1.0909090909   14   14   14        7.8408892535        0.3874301533        1.7648136527        0.2637009889       -0.0025379630        0.0017925108        0.9485763808        0.0768331545       -0.0026429696        0.0024050810       -0.0019456693        0.0023350581        0.9592875615        0.0769025226       -0.0132780278        0.0056779654        8.0077199893        0.3940121578        7.9756305498        0.3815075458       -0.0131855318        0.0056676487        0.9610631129        0.0767836035       -0.0019366351        0.0023452311       -0.0026664131        0.0022425242        0.9501168498        0.0770439744       -0.0025358889        0.0017988818        1.7669471938        0.2552740828        7.8488427842        0.3847212304
        1.1030303030   14   14   14        7.8437945101        0.3853695400        1.7569044441        0.2623482826       -0.0024466821        0.0016596226        0.8887637255        0.0720784028       -0.0026399882        0.0022517373       -0.0019923573        0.0021877865        0.8991509540        0.0721267646       -0.0128401369        0.0054752706        8.0048548570        0.3918368815        7.9728635887        0.3799068412       -0.0127441672        0.0054582546        0.9008088507        0.0719568476       -0.0019829770        0.0022046633       -0.0026620108        0.0020956508        0.8902166458        0.0722325138       -0.0024432104        0.0016648875        1.7595196480        0.2541630946        7.8520331142        0.3827782557
        1.1151515152   14   14   14        7.8450719374        0.3834362153        1.7499101096        0.2612051648       -0.0023753113        0.0015524901        0.8367393796        0.0679393697       -0.0026336006        0.0021276495       -0.0020275198        0.0020683901        0.8468467677        0.0679709456       -0.0124707916        0.0053063847        8.0007927952        0.3898505109        7.9689212514        0.3784319504       -0.0123719072        0.0052834809        0.8483987921        0.0677642016       -0.0020177273        0.0020905322       -0.0026545116        0.0019776671        0.8381114939        0.0680525923       -0.0023709220        0.0015569089        1.7529402269        0.2532178608        7.8535472303        0.3809639691
        1.1272727273   14   14   14        7.8451914903        0.3816222341        1.7436608876        0.2602242872       -0.0023182246        0.0014643667        0.7909056826        0.0642900793       -0.0026253755        0.0020252702       -0.0020550328        0.0019697059        0.8007678418        0.0643078865       -0.0121533631        0.0051625117        7.9959608785        0.3880280543        7.9642181877        0.3770673306       -0.0120527390        0.0051348314        0.8022243741        0.0640743691       -0.0020448914        0.0019959424       -0.0026456687        0.0018811280        0.7922034445        0.0643736931       -0.0023131778        0.0014680224        1.7470554655        0.2524024115        7.8538688072        0.3792681589
        1.1393939394   14   14   14        7.8444769827        0.3799194434        1.7380322945        0.2593732218       -0.0022719586        0.0013905865        0.7501001303        0.0610389656       -0.0026160766        0.0019392939       -0.0020769569        0.0018866202        0.7597457579        0.0610451203       -0.0118781693        0.0050387138        7.9906417857        0.3863488794        7.9590341753        0.3758005728       -0.0117759400        0.0050067455        0.7611158460        0.0607922264       -0.0020664419        0.0019162131       -0.0026358339        0.0018005080        0.7513296158        0.0611010535       -0.0022665120        0.0013936315        1.7417478196        0.2516909359        7.8533281803        0.3776814855
        1.1515151515   14   14   14        7.8431537837        0.3783193599        1.7329259960        0.2586272152       -0.0022339432        0.0013279618        0.7134533235        0.0581174604       -0.0026063132        0.0018661089       -0.0020948866        0.0018157190        0.7229059607        0.0581135218       -0.0116367878        0.0049307471        7.9850267353        0.3847958377        7.9535557602        0.3746208767       -0.0115332692        0.0048950307        0.7241975584        0.0578467531       -0.0020840172        0.0018480714       -0.0026256663        0.0017322662        0.7146200869        0.0581640228       -0.0022282604        0.0013304837        1.7369273338        0.2510643651        7.8521571282        0.3761945881
        1.1636363636   14   14   14        7.8413845771        0.3768139856        1.7282651193        0.2579677601       -0.0022023823        0.0012741766        0.6802978795        0.0554729161       -0.0025964441        0.0018030744       -0.0021098509        0.0017544958        0.6895772525        0.0554600400       -0.0114231933        0.0048356443        7.9792479654        0.3833545330        7.9479128258        0.3735191475       -0.0113186254        0.0047966333        0.6907973480        0.0551835620       -0.0020986508        0.0017891473       -0.0026154854        0.0016737829        0.6814069765        0.0555084568       -0.0021965812        0.0012762438        1.7325228552        0.2505082050        7.8505225808        0.3747989698
        1.1757575758   14   14   14        7.8392887568        0.3753958734        1.7239881331        0.2573805654       -0.0021759581        0.0012275167        0.6501109698        0.0530640621       -0.0025866954        0.0017482313       -0.0021225674        0.0017010924        0.6592337889        0.0530431157       -0.0112327522        0.0047511601        7.9733981514        0.3820127809        7.9421965605        0.3724875901       -0.0111273208        0.0047092388        0.6603885551        0.0527601213       -0.0021110624        0.0017376818       -0.0026054909        0.0016231266        0.6511669696        0.0530920035       -0.0021701238        0.0012291843        1.7284773508        0.2500112000        7.8485471132        0.3734869027
        1.1878787879   14   14   14        7.8369552770        0.3740581722        1.7200450049        0.2568543926       -0.0021536825        0.0011866856        0.6224757109        0.0508579684       -0.0025772082        0.0017000953       -0.0021335486        0.0016541011        0.6314562852        0.0508296093       -0.0110618320        0.0046755585        7.9675427480        0.3807601814        7.9364715218        0.3715194714       -0.0109556834        0.0046310551        0.6325511813        0.0505425688       -0.0021217657        0.0016923413       -0.0025958053        0.0015788423        0.6234827483        0.0508809363       -0.0021478762        0.0011879986        1.7247443637        0.2495644492        7.8463221366        0.3722514024
        1.2000000000   14   14   14        7.8344516660        0.3727946372        1.7163948116        0.2563802690       -0.0021347977        0.0011506841        0.5970546505        0.0488279611       -0.0025680657        0.0016575195       -0.0021431685        0.0016124350        0.6059053332        0.0487926917       -0.0109075472        0.0046074762        7.9617285837        0.3795878154        7.9307838901        0.3706089463       -0.0108007987        0.0045606728        0.6069452172        0.0485035307       -0.0021311314        0.0016520932       -0.0025864988        0.0015398130        0.5980164484        0.0488479846       -0.0021290631        0.0011516801        1.7212859006        0.2491607943        7.8439169808        0.3710861892
