# ta1 =         1.0000000000 mua =        -0.8001000000 m1 =         1.1001000000 eo1 =         5.0000000000 m2 =         0.7001000000 eo2 =        -0.5000000000 ta2 =         0.5000000000 ta3 =         0.4000000000
# ts =         1.0000000000 mus =        -1.0000000000 ds =         0.0001000000
# tn =         1.0000000000 mun =        -1.0000000000 minev/ds =         0.0000000001 maxev =         1.2000000000
# tna_pz =         0.7000000000 tna_ab =         0.7000000000 tna_px =         0.7000000000 tna_py =         0.7000000000 tna_dxy =         0.7000000000
# rtna_pz =         0.5000000000 rtna_ab =         0.5000000000 rtna_px =         0.5000000000 rtna_py =         0.5000000000 rtna_dxy =         0.5000000000
# tas_pz =         0.7000000000 tas_ab =         0.7000000000 tas_px =         0.7000000000 tas_py =         0.7000000000 tas_dxy =         0.7000000000
# rtas_pz =         0.5000000000 rtas_ab =         0.5000000000 rtas_px =         0.5000000000 rtas_py =         0.5000000000 rtas_dxy =         0.5000000000
# wid =   140 len =    25 wn =    20 wb1 =    10 wb2 =    30 wb3 =    30 wbs =     0 numr =  1000
# ev/ds, nc1, nc2, nc3, G11_ave, G11_var, G21_ave, G21_var, G31_ave, G31_var, G12_ave, G12_var, G22_ave, G22_var, G32_ave, G32_var, G13_ave, G13_var, G23_ave, G23_var, G33_ave, G33_var
        0.0000000001   14   14   14        4.0948902337        0.5140926952        2.9116773919        0.2773121680        0.0254909947        0.0908423395        2.9116773917        0.2773121681        6.9412402782        0.4350539732        2.8992382881        0.2678166128        0.0254909945        0.0908423394        2.8992382886        0.2678166128        4.1130128745        0.5432026551
        0.0121212122   14   14   14        4.0939374668        0.4984955357        2.9155732293        0.2741202468        0.0282081798        0.0959318187        2.9153599688        0.2788662595        6.9395764919        0.4228351938        2.9052949458        0.2710765932        0.0281219217        0.0940464105        2.9000641059        0.2662490838        4.1085013364        0.5211813726
        0.0242424243   14   14   14        4.1044800578        0.4757057095        2.9136025978        0.2741156509        0.0304296170        0.1060814450        2.9167966355        0.2800210051        6.9488735826        0.4120298185        2.9072507087        0.2759357921        0.0295642360        0.1009912745        2.8976994374        0.2668326625        4.1146519616        0.4953784249
        0.0363636365   14   14   14        4.1178762363        0.4683792183        2.9072546570        0.2744203271        0.0327806127        0.1109762801        2.9140075825        0.2813041925        6.9630188657        0.4125593175        2.9056866574        0.2793284916        0.0315186138        0.1039993756        2.8919040315        0.2691795653        4.1234189993        0.4796668459
        0.0484848486   14   14   14        4.1238788738        0.4648084621        2.8980223312        0.2735230390        0.0331917208        0.1093690678        2.9072127759        0.2845798738        6.9778841354        0.4182662210        2.9016245370        0.2828337246        0.0325715104        0.1042453434        2.8842708815        0.2723477457        4.1305328689        0.4704423835
        0.0606060607   14   14   14        4.1378106137        0.4719442382        2.8855836320        0.2737595757        0.0343200748        0.1113313786        2.8983244885        0.2856305405        6.9984726463        0.4252541300        2.8927800520        0.2868770616        0.0327020549        0.1084076254        2.8739764951        0.2782912177        4.1494996385        0.4771179128
        0.0727272728   14   14   14        4.1570796431        0.4762158094        2.8721134456        0.2774358562        0.0372683175        0.1116679746        2.8879893382        0.2854091534        7.0214393268        0.4276252462        2.8816320494        0.2879675132        0.0322101308        0.1085791045        2.8634837069        0.2826404712        4.1704315677        0.4779043347
        0.0848484849   14   14   14        4.1794679794        0.4775534476        2.8593951662        0.2811139877        0.0392485888        0.1115167599        2.8760870226        0.2853668903        7.0452489921        0.4265747082        2.8690785483        0.2881392347        0.0319485428        0.1065135101        2.8519823522        0.2839562794        4.1951095671        0.4753795949
        0.0969696971   14   14   14        4.2005420051        0.4737429071        2.8482559902        0.2819110642        0.0384074653        0.1121122330        2.8619254354        0.2847745772        7.0670650343        0.4274193464        2.8551051984        0.2889022769        0.0324589275        0.1075066692        2.8369769010        0.2847502268        4.2234508881        0.4778659212
        0.1090909092   14   14   14        4.2256390408        0.4705024545        2.8367588234        0.2831903654        0.0354893153        0.1120685163        2.8476904790        0.2836015658        7.0919768157        0.4353230217        2.8379249035        0.2879971745        0.0326660683        0.1103729600        2.8223035780        0.2856441666        4.2560688857        0.4863626289
        0.1212121213   14   14   14        4.2591360948        0.4746625179        2.8218964173        0.2877553784        0.0337675071        0.1121644680        2.8321907743        0.2862266217        7.1211770381        0.4461356441        2.8202453205        0.2888887388        0.0335962926        0.1117550985        2.8099467842        0.2881497322        4.2869108956        0.4937833674
        0.1333333334   14   14   14        4.2958712256        0.4784326743        2.8077732486        0.2925703067        0.0334402790        0.1144298121        2.8123428944        0.2907307424        7.1439848611        0.4528348671        2.8062601363        0.2893802737        0.0324988345        0.1113703546        2.7990393618        0.2899627829        4.3083567211        0.4990048571
        0.1454545455   14   14   14        4.3356087469        0.4919437617        2.7955301763        0.2960204662        0.0303033448        0.1170804487        2.7893432257        0.2941778611        7.1674108539        0.4625381046        2.7919927379        0.2892145374        0.0293785334        0.1138331817        2.7868544294        0.2927935699        4.3348500158        0.5038539922
        0.1575757577   14   14   14        4.3721877351        0.5125850322        2.7861715872        0.2953716242        0.0251084492        0.1180079406        2.7695265864        0.2953177080        7.1913331005        0.4713357247        2.7764938924        0.2915034111        0.0262033447        0.1186339834        2.7747927844        0.2939337930        4.3685605362        0.5178433325
        0.1696969698   14   14   14        4.3938022965        0.5200882511        2.7792367395        0.2940605363        0.0215198691        0.1180075622        2.7574144428        0.2985495273        7.2037697723        0.4721194744        2.7632962596        0.2915482548        0.0223821072        0.1192954725        2.7669882138        0.2942067756        4.3907608570        0.5226158498
        0.1818181819   14   14   14        4.4079459868        0.5180120112        2.7702488290        0.2930789592        0.0204407747        0.1205572565        2.7443499896        0.3024539660        7.2140332490        0.4791682374        2.7516322146        0.2950519697        0.0186763491        0.1201832160        2.7602689327        0.2968837447        4.4132701924        0.5211939716
        0.1939393940   14   14   14        4.4264580618        0.5144066177        2.7587718467        0.2947835611        0.0222446549        0.1220575364        2.7316741664        0.3084422613        7.2293549077        0.4880282479        2.7405559029        0.2978901413        0.0178259975        0.1203943813        2.7507472789        0.3023852635        4.4389284979        0.5185331180
        0.2060606061   14   14   14        4.4593319934        0.5112450596        2.7467049848        0.2973206757        0.0249649762        0.1226972305        2.7192252136        0.3108916356        7.2511909337        0.4989348220        2.7272999066        0.2999067261        0.0183489687        0.1186249266        2.7384591611        0.3053255094        4.4706627845        0.5252070648
        0.2181818183   14   14   14        4.5046276276        0.5179008890        2.7352024091        0.2989578598        0.0274136442        0.1231825321        2.7021855588        0.3123319055        7.2767715224        0.5018610126        2.7156075042        0.2966719133        0.0193109258        0.1173823839        2.7248708859        0.3071265308        4.5021866719        0.5376055403
        0.2303030304   14   14   14        4.5511196272        0.5286099036        2.7204753589        0.3051620745        0.0313342302        0.1261022317        2.6891723191        0.3107499930        7.3054948072        0.5023940018        2.6990632268        0.2955863816        0.0198202987        0.1185056055        2.7133404083        0.3097289172        4.5370758507        0.5471651478
        0.2424242425   14   14   14        4.5919286742        0.5355455690        2.7068849458        0.3099703686        0.0342705997        0.1282444032        2.6782344462        0.3070590710        7.3353962268        0.5094937279        2.6804881810        0.2985720212        0.0236196101        0.1220375375        2.7001828728        0.3078762833        4.5758054226        0.5482138169
        0.2545454546   14   14   14        4.6220428000        0.5428189749        2.6914091494        0.3096678026        0.0378770022        0.1303200779        2.6694760375        0.3035630046        7.3679967639        0.5200298577        2.6622960413        0.3002877192        0.0309902258        0.1253386702        2.6878098883        0.3030000290        4.6198875941        0.5568957820
        0.2666666667   14   14   14        4.6607776504        0.5496629373        2.6729051262        0.3113615399        0.0458478695        0.1321339692        2.6599243812        0.3035568655        7.4107682035        0.5360623913        2.6460921445        0.3037940531        0.0411833167        0.1282667177        2.6720331528        0.3045737601        4.6637988332        0.5660028466
        0.2787878789   14   14   14        4.7064264103        0.5605230869        2.6560199020        0.3130283292        0.0546817972        0.1330151780        2.6516648420        0.3038843081        7.4586125646        0.5474031518        2.6322879584        0.3048446168        0.0501902318        0.1309652204        2.6584582670        0.3035735340        4.7167815585        0.5723849121
        0.2909090910   14   14   14        4.7537452919        0.5691025911        2.6424976657        0.3112926785        0.0604535962        0.1393754069        2.6401982806        0.3019176291        7.5030025735        0.5545366418        2.6223249194        0.3092676930        0.0584596274        0.1354614775        2.6413649805        0.3006960314        4.7643599496        0.5789330226
        0.3030303031   14   14   14        4.7932284708        0.5718455668        2.6295326079        0.3069866804        0.0667189489        0.1406668155        2.6294976851        0.2991344101        7.5484924429        0.5592386967        2.6173427997        0.3134577908        0.0671575418        0.1372219289        2.6242207862        0.3020263692        4.8000897541        0.5758461939
        0.3151515152   14   14   14        4.8322637160        0.5882414931        2.6179796871        0.3071507855        0.0750018038        0.1408674744        2.6186497795        0.2988272907        7.5881765600        0.5597439375        2.6054038000        0.3115867159        0.0771669632        0.1386512899        2.6073696193        0.3036025360        4.8433575018        0.5742699620
        0.3272727273   14   14   14        4.8712151940        0.5942335092        2.6035819735        0.3119751202        0.0873531364        0.1429339926        2.6054317798        0.2995795753        7.6228655657        0.5416115243        2.5969724497        0.3096578405        0.0888938521        0.1391712936        2.5914966208        0.3093761195        4.8800241287        0.5769105589
        0.3393939395   14   14   14        4.9073728124        0.5884177380        2.5881568746        0.3204240057        0.0979440268        0.1452863124        2.5917638615        0.3060573914        7.6673542841        0.5377108800        2.5907494335        0.3066638027        0.1005498921        0.1407045320        2.5770552440        0.3112463605        4.9174233648        0.5920207842
        0.3515151516   14   14   14        4.9404817677        0.5886492538        2.5697479247        0.3206560411        0.1055755217        0.1425947599        2.5794659443        0.3120189590        7.7163967993        0.5502214081        2.5769711178        0.3071238669        0.1111653398        0.1399813428        2.5591645085        0.3110547627        4.9536973875        0.5997929478
        0.3636363637   14   14   14        4.9925569192        0.5904135688        2.5507118494        0.3142860593        0.1124334444        0.1430417190        2.5594531500        0.3113238744        7.7761028008        0.5529492132        2.5582138582        0.3079400382        0.1186137296        0.1407130447        2.5406252734        0.3065217537        5.0012102849        0.6073209624
        0.3757575758   14   14   14        5.0474581646        0.6036324724        2.5301156627        0.3127489929        0.1207943641        0.1427685156        2.5405633865        0.3073873531        7.8328408531        0.5624421901        2.5465195683        0.3103263062        0.1244423257        0.1439214063        2.5259025196        0.3097353403        5.0311096788        0.6112414886
        0.3878787879   14   14   14        5.0999348270        0.6120196793        2.5070238649        0.3106654658        0.1311812330        0.1445072226        2.5204996360        0.3067341531        7.8873837442        0.5691491732        2.5335236277        0.3125139965        0.1317830255        0.1484815987        2.5075891598        0.3126712324        5.0675744893        0.6006749126
        0.4000000001   14   14   14        5.1324873921        0.6221998151        2.4930513154        0.3088107628        0.1399496908        0.1469484868        2.5070964443        0.3044194561        7.9317741415        0.5712866757        2.5244661027        0.3148089457        0.1358490240        0.1465803737        2.4920291994        0.3056242171        5.1064120801        0.5888814780
        0.4121212122   14   14   14        5.1547770479        0.6263762575        2.4785640058        0.3091701074        0.1495305106        0.1482817125        2.4970773384        0.3050293865        7.9770740581        0.5720782867        2.5124866781        0.3143984315        0.1402139933        0.1435813344        2.4755212780        0.2987613950        5.1405546592        0.5957873053
        0.4242424243   14   14   14        5.1737798028        0.6184820544        2.4695092312        0.3107945092        0.1536458588        0.1513402713        2.4839341242        0.3070443820        8.0169853715        0.5737049210        2.4942242142        0.3137459083        0.1471235839        0.1454397677        2.4558587269        0.2979747730        5.1842974912        0.6008106640
        0.4363636364   14   14   14        5.2069097102        0.6117577666        2.4621865351        0.3125324680        0.1527466565        0.1530562488        2.4728535044        0.3030183515        8.0610858165        0.5655638884        2.4791113498        0.3107987644        0.1537287943        0.1483247669        2.4451716083        0.3051871012        5.2291694507        0.6013055717
        0.4484848485   14   14   14        5.2509871632        0.6168084506        2.4487111630        0.3111730998        0.1550976731        0.1554411484        2.4591724847        0.3033771539        8.1290011689        0.5626268103        2.4658744228        0.3126087476        0.1604601886        0.1473363989        2.4337556891        0.3095045554        5.2752013584        0.6068377877
        0.4606060607   14   14   14        5.2803450611        0.6232817534        2.4340805034        0.3086118699        0.1592119178        0.1528272475        2.4465222632        0.3023917140        8.1849319910        0.5662444278        2.4539415080        0.3050493201        0.1626507359        0.1488025643        2.4257288048        0.3078582527        5.3003611705        0.6119627606
        0.4727272728   14   14   14        5.2889896792        0.6064278007        2.4264675824        0.3022204234        0.1649677326        0.1490125013        2.4390511693        0.2994031675        8.2307645921        0.5700808114        2.4419712956        0.2949537444        0.1624194932        0.1482322811        2.4126625404        0.3059676008        5.3122187954        0.6055288399
        0.4848484849   14   14   14        5.2849877467        0.5939537757        2.4233745258        0.3022695491        0.1668764392        0.1497968022        2.4359876765        0.3009678982        8.2747551428        0.5811240643        2.4320574415        0.2951122697        0.1645445731        0.1475543267        2.4000511571        0.3018400585        5.3288053484        0.6034327285
        0.4969696970   14   14   14        5.2871056499        0.5907856011        2.4115771731        0.3023151928        0.1714155589        0.1517738090        2.4320691966        0.3018571297        8.3156596161        0.5823091475        2.4326257444        0.3036723611        0.1699261579        0.1464061804        2.3909786613        0.2996963837        5.3378406676        0.6101096517
        0.5090909091   14   14   14        5.2887921849        0.5992679292        2.3998732342        0.3006786279        0.1785380556        0.1488419756        2.4322268715        0.3069847824        8.3496076596        0.5839701499        2.4315762225        0.3039555590        0.1763159138        0.1415098245        2.3852819147        0.3017611093        5.3319644349        0.6214751844
        0.5212121213   14   14   14        5.2970357639        0.5945454433        2.3903582826        0.2982367492        0.1847725126        0.1458928086        2.4341936102        0.3104125995        8.3845694949        0.5962083243        2.4306371503        0.3022030947        0.1808523165        0.1437775506        2.3830353556        0.3065886997        5.3291909252        0.6247470690
        0.5333333334   14   14   14        5.2981052405        0.5888021037        2.3838343079        0.2915395581        0.1857619440        0.1470563384        2.4335139391        0.3092620980        8.4183958596        0.5916897698        2.4285835532        0.3070483702        0.1783766014        0.1423794077        2.3804861811        0.3062832036        5.3390150716        0.6196081985
        0.5454545455   14   14   14        5.2985010274        0.5874394414        2.3826642418        0.2878589355        0.1862237392        0.1496199473        2.4340929763        0.3081403570        8.4523611155        0.5853070920        2.4342595579        0.3043022981        0.1742284321        0.1415843510        2.3785634579        0.3010174537        5.3465796139        0.6096872110
        0.5575757576   14   14   14        5.3015771680        0.5969507155        2.3842702560        0.2927105908        0.1872334520        0.1477171793        2.4362685483        0.3102165354        8.4692284340        0.5793718217        2.4459676419        0.2970548536        0.1730589890        0.1424718945        2.3848443458        0.2934932597        5.3397419663        0.6006480569
        0.5696969697   14   14   14        5.2928671262        0.5981638983        2.3869516245        0.2968797764        0.1836026996        0.1442991319        2.4456233378        0.3130238538        8.4785762691        0.5899569738        2.4519410373        0.2962652323        0.1731138111        0.1430165786        2.3882347304        0.2905346310        5.3297697288        0.6127081604
        0.5818181819   14   14   14        5.2849295806        0.6090351596        2.3911928437        0.3015089832        0.1784166234        0.1434524357        2.4532519694        0.3098902774        8.4901493552        0.5924502014        2.4574848894        0.2969350656        0.1723107185        0.1421775792        2.3945527290        0.2895590976        5.3230144727        0.6222894612
        0.5939393940   14   14   14        5.2804941331        0.6232277279        2.3920819515        0.3049193705        0.1775233921        0.1416033685        2.4603244982        0.3108057023        8.5180893236        0.5931924923        2.4706858503        0.3022204117        0.1705180808        0.1404388359        2.4035031277        0.2968338593        5.3191963019        0.6040952261
        0.6060606061   14   14   14        5.2765467602        0.6111642492        2.3981975734        0.2999408631        0.1786296602        0.1402180501        2.4730428403        0.3119110973        8.5476385108        0.5973992730        2.4790087721        0.3083972927        0.1734046156        0.1373763128        2.4114975361        0.2981198853        5.3238031683        0.6002862672
        0.6181818182   14   14   14        5.2789687201        0.6047288574        2.4024359026        0.2941235528        0.1825029310        0.1384829930        2.4878124200        0.3113955998        8.5778025817        0.5939451261        2.4896948277        0.3055133599        0.1767301606        0.1418314860        2.4190154924        0.2924152283        5.3149689225        0.6027156927
        0.6303030304   14   14   14        5.2760344563        0.5972571575        2.4126515593        0.2901429833        0.1831141988        0.1413845772        2.5046033449        0.3103102971        8.6056306868        0.5863006528        2.4994220535        0.3047654509        0.1803526383        0.1448910601        2.4215463534        0.2876168612        5.3012684262        0.5950922478
        0.6424242425   14   14   14        5.2727320185        0.5913382284        2.4263355363        0.2889917430        0.1832621506        0.1436173298        2.5158245244        0.3096642465        8.6280764137        0.5890659963        2.5157517836        0.3047002692        0.1829066598        0.1443047322        2.4207661818        0.2845551431        5.2842291346        0.5918485642
        0.6545454546   14   14   14        5.2666070270        0.5847841666        2.4323052395        0.2951938259        0.1884715220        0.1407787491        2.5306998376        0.3098987412        8.6570804927        0.5906966781        2.5330551464        0.3055962294        0.1884469855        0.1411265542        2.4275073762        0.2816007114        5.2798010555        0.5998506078
        0.6666666667   14   14   14        5.2607008408        0.5966641753        2.4388671696        0.2994882098        0.1943350075        0.1440198250        2.5468515384        0.3149874848        8.6962543003        0.6040378051        2.5438683501        0.3047964884        0.1937041239        0.1432663577        2.4338046620        0.2882191533        5.2907528855        0.6031073210
        0.6787878788   14   14   14        5.2633149003        0.5904620124        2.4471230105        0.2967006252        0.1997298279        0.1450210111        2.5613166131        0.3158759545        8.7344645801        0.6061891687        2.5580269520        0.3081414160        0.1960523321        0.1451160122        2.4470600155        0.2959886648        5.2953165907        0.6018555152
        0.6909090910   14   14   14        5.2658301153        0.5807017530        2.4581420785        0.2976514110        0.1998696569        0.1422228099        2.5777964956        0.3156153595        8.7770676496        0.6090575834        2.5727639363        0.3114864763        0.1963508859        0.1422583088        2.4640472317        0.2982137493        5.2991056658        0.6119780795
        0.7030303031   14   14   14        5.2748287594        0.5847226206        2.4682880758        0.3023541814        0.2015590930        0.1419539703        2.5927465664        0.3220092873        8.8255140698        0.6261309727        2.5885895991        0.3109867574        0.1990219285        0.1391310618        2.4748203845        0.2960577594        5.3010460414        0.6106283774
        0.7151515152   14   14   14        5.2770482264        0.5832392109        2.4814701443        0.3050342149        0.2002901126        0.1416238604        2.6084467028        0.3219957181        8.8651401655        0.6412567334        2.6083004937        0.3112353847        0.1993454294        0.1353249696        2.4804099429        0.3040110622        5.2942318545        0.6004652975
        0.7272727273   14   14   14        5.2775838001        0.5815643617        2.4894261735        0.3033550601        0.1979428339        0.1376032268        2.6272700611        0.3256701666        8.9116267907        0.6362920819        2.6209924468        0.3113052068        0.1990795990        0.1339862963        2.4909408817        0.3071761931        5.2920559229        0.5987953602
        0.7393939394   14   14   14        5.2796194222        0.5783851016        2.4944141076        0.3072418670        0.1991485857        0.1380274681        2.6420666074        0.3251878967        8.9443813568        0.6319154415        2.6325330670        0.3118550347        0.1941352703        0.1342802468        2.5087364447        0.3059631335        5.2904303270        0.5848919766
        0.7515151516   14   14   14        5.2802875671        0.5730693268        2.5112205492        0.3073035963        0.2061886230        0.1357303833        2.6583725156        0.3226044025        8.9619043234        0.6252069069        2.6467174549        0.3109440018        0.1983107546        0.1340091332        2.5243227891        0.3032419505        5.2852686734        0.5823988953
        0.7636363637   14   14   14        5.2799655928        0.5785833913        2.5290636900        0.3045056106        0.2107407201        0.1305622109        2.6676826086        0.3296135825        8.9784143451        0.6178916836        2.6632578915        0.3185846696        0.2055516155        0.1330510449        2.5332642419        0.3092164038        5.2861060291        0.5827144553
        0.7757575758   14   14   14        5.2791626241        0.5819233825        2.5488969119        0.3088578345        0.2113191653        0.1292027098        2.6835150392        0.3351575186        8.9906936310        0.6092525445        2.6801902766        0.3222807876        0.2101012108        0.1310876294        2.5498700623        0.3142342074        5.2993618926        0.5837614540
        0.7878787879   14   14   14        5.2758829227        0.5827485846        2.5682893024        0.3165139582        0.2087668725        0.1273144605        2.7085029447        0.3345490133        9.0142873876        0.6123399904        2.7029570042        0.3209418436        0.2122851414        0.1295384311        2.5737655565        0.3077317321        5.3040466981        0.5799998121
        0.8000000000   14   14   14        5.2686994009        0.5836352504        2.5975414918        0.3123444495        0.2121525697        0.1270210861        2.7301070810        0.3281133588        9.0136406699        0.6161431281        2.7269778130        0.3207162620        0.2126178060        0.1266924465        2.6045956730        0.3009368562        5.2981665719        0.5709117176
        0.8121212122   14   14   14        5.2708060668        0.5815405365        2.6319100686        0.3088823677        0.2115642886        0.1245698183        2.7501986910        0.3305739728        9.0095922003        0.6218637784        2.7556050524        0.3276382474        0.2135397251        0.1245309323        2.6386371548        0.3095598144        5.2948328551        0.5718346934
        0.8242424243   14   14   14        5.2791414064        0.5743499917        2.6684314861        0.3065366485        0.2114849976        0.1204735580        2.7772319470        0.3373721278        9.0219069622        0.6317843788        2.7857483136        0.3285114654        0.2124777787        0.1204103011        2.6812590568        0.3132825558        5.2955892191        0.5603242513
        0.8363636364   14   14   14        5.3160838981        0.5719055026        2.7094892225        0.3072305739        0.2097265965        0.1168747555        2.8025802587        0.3450529892        9.0582501663        0.6431903524        2.8118205235        0.3349970478        0.2165772580        0.1206899217        2.7111934474        0.3200140607        5.3339441842        0.5575746414
        0.8484848485   14   14   14        5.3838837854        0.5745246201        2.7484771333        0.3097515910        0.2086671493        0.1201588637        2.8260519386        0.3516552430        9.0991041871        0.6344985705        2.8409753234        0.3390552999        0.2147535788        0.1245052988        2.7540635491        0.3209464223        5.3974410248        0.5719150826
        0.8606060606   14   14   14        5.4791543361        0.5804326732        2.7924546799        0.3222501987        0.2031620172        0.1206669559        2.8431349039        0.3453595650        9.1707565202        0.6287098558        2.8653425223        0.3360944451        0.2078507677        0.1270591099        2.8029599489        0.3250177275        5.4975249361        0.5924083474
        0.8727272728   14   14   14        5.5872738848        0.5753635039        2.8306682819        0.3283743599        0.1958088174        0.1247898670        2.8699964780        0.3427527191        9.2821943416        0.6199199874        2.8921195687        0.3388916381        0.2033797212        0.1286057510        2.8489209060        0.3348169081        5.6131161848        0.6040654830
        0.8848484849   14   14   14        5.7079786187        0.5801661435        2.8754904824        0.3335518421        0.1940700700        0.1266232969        2.9084096353        0.3511968750        9.4173073857        0.6176768080        2.9239440074        0.3480371583        0.2031893228        0.1271462241        2.9023798573        0.3356224482        5.7428470370        0.6007903275
        0.8969696970   14   14   14        5.8309659918        0.5830053952        2.9322627403        0.3417474002        0.1938515696        0.1276468525        2.9600011550        0.3537576079        9.5735299595        0.6162360293        2.9657760001        0.3471314880        0.2049072378        0.1303472052        2.9609767193        0.3383151135        5.8913096253        0.6007379163
        0.9090909091   14   14   14        5.9659155653        0.5660424126        2.9988491260        0.3485887298        0.1944623162        0.1279758702        3.0185369413        0.3588814026        9.7315933306        0.6137142982        3.0202412650        0.3536501223        0.2043390826        0.1357305930        3.0250176214        0.3541798402        6.0474789084        0.6056445831
        0.9212121212   14   14   14        6.1356037931        0.5948317432        3.0704067701        0.3510890988        0.1972055492        0.1279974018        3.0946608257        0.3578635173        9.9186864410        0.6103391856        3.0978428692        0.3611785998        0.1962717202        0.1338828565        3.1033517717        0.3615166247        6.2011754843        0.6088205478
        0.9333333334   14   14   14        6.3108267992        0.6155241388        3.1586446298        0.3656820605        0.1928079090        0.1299284255        3.1893799047        0.3617408316       10.1631942869        0.6130034052        3.1888590869        0.3716784762        0.1944441892        0.1412426040        3.1906062769        0.3703511066        6.3902084249        0.6232462461
        0.9454545455   14   14   14        6.5296725151        0.6113748947        3.2694033098        0.3786555507        0.1920749315        0.1411220408        3.2930810335        0.3712349405       10.4479241338        0.6287088496        3.3033340881        0.3866688643        0.1877831365        0.1420590787        3.2908390785        0.3814700983        6.5832627647        0.6303920112
        0.9575757576   14   14   14        6.7850856357        0.6260198996        3.3870031505        0.3959458218        0.1901275582        0.1412049917        3.4113362759        0.3898614888       10.7898860425        0.6276316290        3.4257929254        0.3897381092        0.1870214490        0.1465166003        3.4131093149        0.3922315099        6.7963581059        0.6218256697
        0.9696969697   14   14   14        7.0678827362        0.6360576586        3.5335206512        0.4080644711        0.1830501636        0.1462491253        3.5647901468        0.3808648906       11.2141990360        0.6393451984        3.5623859657        0.3946496321        0.1799666504        0.1539362857        3.5585564331        0.3987487300        7.0718938752        0.6512885693
        0.9818181818   14   14   14        7.4170483529        0.6647181961        3.7170215448        0.4159772546        0.1622020904        0.1523377462        3.7243859078        0.4104238978       11.7687849825        0.6429921587        3.7133624171        0.4084693766        0.1629275322        0.1541499266        3.7342620275        0.4175220931        7.4535425120        0.6289629454
        0.9939393940   14   14   14        7.8519756515        0.6347807234        3.8986679807        0.4305360053        0.1309322056        0.1447278084        3.8549857173        0.4149972567       12.4555907854        0.6522925013        3.8552409278        0.4310238012        0.1339691356        0.1422790695        3.9091496067        0.4241662303        7.8476265849        0.6468490296
        1.0060606061   14   14   14        9.3368914100        0.5013095534        2.3269002859        0.1888397237        0.0019355673        0.0127774121        2.3265763393        0.1899574927       15.3113190585        0.5483730322        2.3288936991        0.1956398475        0.0017185122        0.0127938788        2.3283012329        0.1954900975        9.3254568314        0.4770506473
        1.0181818182   14   14   14        9.5256520314        0.4846744434        1.7781959352        0.1433170100       -0.0022265271        0.0070728345        1.7778118239        0.1440447359       15.7350620809        0.5406048374        1.7804960383        0.1462634811       -0.0023053815        0.0070569618        1.7800945821        0.1457964527        9.5233894354        0.4630723304
        1.0303030303   14   14   14        9.5798395596        0.4768950929        1.5085763403        0.1216671101       -0.0034182717        0.0052856930        1.5082876726        0.1221600803       15.8742229003        0.5367480344        1.5108855317        0.1235008524       -0.0034645092        0.0052709696        1.5105385787        0.1230741437        9.5818821609        0.4562779307
        1.0424242424   14   14   14        9.6012715375        0.4714131050        1.3314200571        0.1075463854       -0.0039585337        0.0043668703        1.3312148642        0.1079014184       15.9373077001        0.5336000407        1.3336598362        0.1088305196       -0.0039908416        0.0043549454        1.3333329282        0.1084568806        9.6060005286        0.4514119117
        1.0545454546   14   14   14        9.6095078745        0.4670423726        1.2010848490        0.0971790696       -0.0042478563        0.0037999068        1.2009430479        0.0974477533       15.9677660465        0.5308282142        1.2032280887        0.0981361249       -0.0042725733        0.0037902434        1.2029118110        0.0978072650        9.6161271084        0.4475171808
        1.0666666667   14   14   14        9.6112679349        0.4633623501        1.0990124726        0.0890624611       -0.0044171683        0.0034132351        1.0989184783        0.0892741654       15.9813524715        0.5283328291        1.1010519384        0.0898054856       -0.0044371439        0.0034052636        1.1007432213        0.0895127818        9.6193124950        0.4442393009
        1.0787878788   14   14   14        9.6095022042        0.4601706464        1.0158033428        0.0824435250       -0.0045217567        0.0031319857        1.0157453905        0.0826160703       15.9852850254        0.5260626174        1.0177401059        0.0830382707       -0.0045384959        0.0031252892        1.0174374447        0.0827748377        9.6186716191        0.4414018246
        1.0909090909   14   14   14        9.6057029062        0.4573505573        0.9460384178        0.0768909687       -0.0045886389        0.0029179487        0.9460095336        0.0770356513       15.9833505391        0.5239831643        0.9478775811        0.0773788266       -0.0046030482        0.0029122371        0.9475809609        0.0771395416        9.6157899780        0.4389008908
        1.1030303030   14   14   14        9.6006989542        0.4548267954        0.8863170435        0.0721346384       -0.0046323455        0.0027494761        0.8863108171        0.0722590113       15.9777184457        0.5220686257        0.8880646835        0.0725434454       -0.0046449878        0.0027445412        0.8877734355        0.0723242852        9.6115527623        0.4366684239
        1.1151515152   14   14   14        9.5949820470        0.4525476027        0.8343640683        0.0679943972       -0.0046611204        0.0026133010        0.8343759761        0.0681036210       15.9697140465        0.5202984438        0.8360268849        0.0683435366       -0.0046722389        0.0026089970        0.8357405719        0.0681413750        9.6064874572        0.4346567355
        1.1272727273   14   14   14        9.5888523778        0.4504715496        0.7885874581        0.0643441381       -0.0046804084        0.0025010781        0.7886144787        0.0644418510       15.9601790662        0.5186555711        0.7901716352        0.0646475665       -0.0046905600        0.0024972822        0.7898902666        0.0644600731        9.6009242728        0.4328299485
        1.1393939394   14   14   14        9.5825092772        0.4485715638        0.7478281716        0.0610922448       -0.0046930334        0.0024068614        0.7478675886        0.0611810656       15.9496759610        0.5171260709        0.7493399060        0.0613602740       -0.0047022758        0.0024034924        0.7490631038        0.0611854685        9.5950759999        0.4311613400
        1.1515151515   14   14   14        9.5760797797        0.4468232967        0.7112193803        0.0581700973       -0.0047011999        0.0023266777        0.7112691730        0.0582519500       15.9385824956        0.5156979595        0.7126642892        0.0584104965       -0.0047096836        0.0023236682        0.7123918265        0.0582468109        9.5890844621        0.4296292833
        1.1636363636   14   14   14        9.5696496964        0.4452077965        0.6780954972        0.0555250172       -0.0047062949        0.0022576155        0.6781540592        0.0556013390       15.9271607913        0.5143610389        0.6794787226        0.0557437381       -0.0047141362        0.0022549120        0.6792103953        0.0555898845        9.5830454360        0.4282164474
        1.1757575758   14   14   14        9.5632768899        0.4437094777        0.6479350116        0.0531157124       -0.0047092627        0.0021975197        0.6480010367        0.0531875917       15.9155947119        0.5131065161        0.6492612342        0.0533173776       -0.0047165533        0.0021950790        0.6489968458        0.0531722852        9.5770244640        0.4269085942
        1.1878787879   14   14   14        9.5570002819        0.4423153280        0.6203220284        0.0509092371       -0.0047107568        0.0021447606        0.6203944532        0.0509775091       15.9040142698        0.5119267530        0.6215954979        0.0510974776       -0.0047175709        0.0021425475        0.6213348721        0.0509602468        9.5710665003        0.4256938573
        1.2000000000   14   14   14        9.5508464776        0.4410143670        0.5949198528        0.0488789061       -0.0047112342        0.0020980814        0.5949977860        0.0489442182       15.8925124739        0.5108150780        0.5961444185        0.0490566028       -0.0047176301        0.0020960662        0.5958873853        0.0489264688        9.5652028813        0.4245622307
