# ta1 =         1.0000000000 mua =        -0.8001000000 m1 =         1.1001000000 eo1 =         5.0000000000 m2 =         0.7001000000 eo2 =        -0.5000000000 ta2 =         0.5000000000 ta3 =         0.4000000000
# ts =         1.0000000000 mus =        -1.0000000000 ds =         0.0010000000
# tn =         1.0000000000 mun =        -1.0000000000 ev/ds =         0.0000000001
# tna_pz_u =         0.5000000000 tna_ab_u =         0.5000000000 tna_px_u =         0.5000000000 tna_py_u =         0.5000000000 tna_dxy_u =         0.5000000000
# tna_pz_d =         0.2500000000 tna_ab_d =         0.2500000000 tna_px_d =         0.2500000000 tna_py_d =         0.2500000000 tna_dxy_d =         0.2500000000
# tas_pz_u =         0.5000000000 tas_ab_u =         0.5000000000 tas_px_u =         0.5000000000 tas_py_u =         0.5000000000 tas_dxy_u =         0.5000000000
# tas_pz_d =         0.2500000000 tas_ab_d =         0.2500000000 tas_px_d =         0.2500000000 tas_py_d =         0.2500000000 tas_dxy_d =         0.2500000000
# wid =   200 len =    40 wn =    20 wb1 =    10 wb2 =    60 wb3 =    60 wbs =     0 numr =  1000
# rrtna_pz_u/tna_pz_u, nc1, nc2, nc3, G11_ave, G11_var, G21_ave, G21_var, G31_ave, G31_var, G12_ave, G12_var, G22_ave, G22_var, G32_ave, G32_var, G13_ave, G13_var, G23_ave, G23_var, G33_ave, G33_var
        0.0000000001   14   14   14        3.2649719005        0.0000000000        3.1632645900        0.0000000000        0.0029069376        0.0000000000        3.1632645490        0.0000000000        7.3573693057        0.0000000002        3.0345068841        0.0000000000        0.0029069350        0.0000000000        3.0345068386        0.0000000000        3.4205644005        0.0000000001        9.0236121877        0.0000000000       -0.0000320694        0.0000000000       -0.0002711177        0.0000000000       -0.0000320694        0.0000000000       16.3014657894        0.0000000000       -0.0006440503        0.0000000000       -0.0002711177        0.0000000000       -0.0006440503        0.0000000000        7.7350710957        0.0000000000        9.0233089948        0.0000000000       16.3007896651        0.0000000000        7.7341559250        0.0000000000
        0.0102040817   14   14   14        3.2650561516        0.0024081932        3.1631971130        0.0022341434        0.0028914663        0.0002780028        3.1631970720        0.0022341435        7.3579997184        0.0179749857        3.0345950118        0.0042458183        0.0028914638        0.0002780027        3.0345949664        0.0042458185        3.4208326299        0.0076024910        9.0234555743        0.0042802281       -0.0000321668        0.0000003471       -0.0002713045        0.0000020209       -0.0000321668        0.0000003471       16.3016459292        0.0049378411       -0.0006445332        0.0000053619       -0.0002713045        0.0000020209       -0.0006445332        0.0000053619        7.7352239240        0.0032176069        9.0231520970        0.0042800748       16.3009692246        0.0049379249        7.7343080836        0.0032162000
        0.0204081634   14   14   14        3.2653298682        0.0047576511        3.1630169499        0.0043513442        0.0028702657        0.0005728398        3.1630169090        0.0043513444        7.3577728709        0.0354762734        3.0340220427        0.0081678667        0.0028702632        0.0005728397        3.0340219973        0.0081678671        3.4216811965        0.0145325399        9.0238537498        0.0088381981       -0.0000324184        0.0000007089       -0.0002714764        0.0000040601       -0.0000324184        0.0000007089       16.3015336613        0.0101584909       -0.0006457874        0.0000109584       -0.0002714764        0.0000040601       -0.0006457874        0.0000109584        7.7348757945        0.0066722918        9.0235498491        0.0088379974       16.3008554509        0.0101586995        7.7339585282        0.0066689289
        0.0306122450   14   14   14        3.2659306085        0.0071778890        3.1627109768        0.0066271080        0.0028325539        0.0008569576        3.1627109359        0.0066271084        7.3600597194        0.0514241095        3.0326052066        0.0126489545        0.0028325513        0.0008569574        3.0326051612        0.0126489552        3.4242049163        0.0235739116        9.0237134663        0.0132841868       -0.0000328084        0.0000010597       -0.0002727496        0.0000060502       -0.0000328084        0.0000010597       16.3010929410        0.0153085991       -0.0006489270        0.0000168937       -0.0002727496        0.0000060502       -0.0006489270        0.0000168937        7.7347312756        0.0100167781        9.0234079024        0.0132836514       16.3004112010        0.0153089278        7.7338095963        0.0100108828
        0.0408163266   14   14   14        3.2661468048        0.0100266595        3.1616160882        0.0089835565        0.0027937604        0.0012085441        3.1616160472        0.0089835570        7.3614193367        0.0702956019        3.0314616146        0.0176216741        0.0027937578        0.0012085438        3.0314615694        0.0176216749        3.4270922242        0.0320423731        9.0226547723        0.0176789472       -0.0000335130        0.0000014142       -0.0002731983        0.0000080570       -0.0000335130        0.0000014142       16.3006504200        0.0203335906       -0.0006518376        0.0000216726       -0.0002731983        0.0000080570       -0.0006518376        0.0000216726        7.7348474040        0.0138103778        9.0223480551        0.0176786638       16.2999650648        0.0203340087        7.7339223655        0.0138039128
        0.0510204083   14   14   14        3.2673841791        0.0129512704        3.1616841798        0.0112709279        0.0026378373        0.0015116202        3.1616841390        0.0112709286        7.3601606432        0.0873794236        3.0298103429        0.0213579889        0.0026378347        0.0015116198        3.0298102976        0.0213579900        3.4309982762        0.0422689701        9.0219064530        0.0218874472       -0.0000341353        0.0000018158       -0.0002743834        0.0000104059       -0.0000341353        0.0000018158       16.3013440657        0.0258239076       -0.0006550565        0.0000281186       -0.0002743834        0.0000104059       -0.0006550565        0.0000281186        7.7353550572        0.0165333754        9.0215979284        0.0218864690       16.3006548693        0.0258227298        7.7344256147        0.0165217235
        0.0612244899   14   14   14        3.2685822935        0.0155247275        3.1603152961        0.0134238698        0.0024218491        0.0017723422        3.1603152551        0.0134238705        7.3637462637        0.1053866421        3.0293943230        0.0254344970        0.0024218463        0.0017723418        3.0293942778        0.0254344982        3.4359610717        0.0503818189        9.0231368920        0.0263673572       -0.0000350739        0.0000022036       -0.0002759540        0.0000123461       -0.0000350739        0.0000022036       16.2997533693        0.0306926810       -0.0006595744        0.0000333790       -0.0002759540        0.0000123461       -0.0006595744        0.0000333790        7.7365141006        0.0200712002        9.0228258582        0.0263665511       16.2990587163        0.0306923789        7.7355785696        0.0200569686
        0.0714285715   14   14   14        3.2695163426        0.0181408321        3.1588846452        0.0158473196        0.0023216947        0.0021538554        3.1588846043        0.0158473204        7.3689242664        0.1234768864        3.0265917133        0.0316394397        0.0023216919        0.0021538549        3.0265916682        0.0316394411        3.4418739358        0.0626068600        9.0245548317        0.0301810319       -0.0000363123        0.0000026196       -0.0002777520        0.0000146651       -0.0000363123        0.0000026196       16.3001899550        0.0363608688       -0.0006673732        0.0000391960       -0.0002777520        0.0000146651       -0.0006673732        0.0000391960        7.7350388691        0.0243470618        9.0242407615        0.0301806108       16.2994862649        0.0363618403        7.7340937412        0.0243335381
        0.0816326531   14   14   14        3.2701552705        0.0211529476        3.1569140272        0.0183668741        0.0022220775        0.0025209029        3.1569139861        0.0183668752        7.3695625169        0.1450696848        3.0236316853        0.0358033269        0.0022220747        0.0025209023        3.0236316403        0.0358033285        3.4441450741        0.0709397961        9.0211599844        0.0340275046       -0.0000375337        0.0000030006       -0.0002800522        0.0000169959       -0.0000375337        0.0000030006       16.2991780410        0.0396576688       -0.0006716079        0.0000431514       -0.0002800522        0.0000169959       -0.0006716079        0.0000431514        7.7352332231        0.0266262823        9.0208423925        0.0340265482       16.2984688946        0.0396572035        7.7342815602        0.0266100524
        0.0918367348   14   14   14        3.2743785822        0.0235007675        3.1571742981        0.0208482864        0.0018266910        0.0028627179        3.1571742572        0.0208482875        7.3819059216        0.1681783403        3.0200403352        0.0418621299        0.0018266880        0.0028627174        3.0200402902        0.0418621319        3.4608679717        0.0912580210        9.0246242283        0.0380336525       -0.0000390244        0.0000035306       -0.0002822955        0.0000185973       -0.0000390244        0.0000035306       16.2980393799        0.0466771561       -0.0006786706        0.0000511009       -0.0002822955        0.0000185973       -0.0006786706        0.0000511009        7.7334416278        0.0297817583        9.0243029025        0.0380315154       16.2973216803        0.0466777594        7.7324806590        0.0297615590
        0.1020408164   14   14   14        3.2750058910        0.0287141284        3.1545060599        0.0242964746        0.0015221560        0.0035448652        3.1545060191        0.0242964756        7.3897839046        0.1816984708        3.0175725501        0.0472159783        0.0015221529        0.0035448646        3.0175725055        0.0472159804        3.4664662995        0.1115997186        9.0245797515        0.0446617587       -0.0000407202        0.0000040026       -0.0002846179        0.0000215139       -0.0000407202        0.0000040026       16.2990299781        0.0523733362       -0.0006906532        0.0000560437       -0.0002846179        0.0000215139       -0.0006906532        0.0000560437        7.7360460250        0.0330463768        9.0242544075        0.0446605341       16.2982986000        0.0523735876        7.7350707512        0.0330240696
        0.1122448980   14   14   14        3.2786073706        0.0329003716        3.1521835402        0.0264779129        0.0010810634        0.0039776434        3.1521834993        0.0264779143        7.3995679421        0.2138599544        3.0148168434        0.0544424156        0.0010810602        0.0039776430        3.0148167988        0.0544424180        3.4783477342        0.1217093755        9.0209859447        0.0489261268       -0.0000426946        0.0000045605       -0.0002866010        0.0000230124       -0.0000426946        0.0000045605       16.2983625472        0.0562838467       -0.0006955711        0.0000624364       -0.0002866010        0.0000230124       -0.0006955711        0.0000624364        7.7360411962        0.0365308003        9.0206566431        0.0489255043       16.2976242768        0.0562831361        7.7350590214        0.0365107940
        0.1224489797   14   14   14        3.2803788158        0.0391757911        3.1511202182        0.0307541347        0.0007265824        0.0047511976        3.1511201771        0.0307541364        7.4059122964        0.2326317037        3.0096830272        0.0661534095        0.0007265791        0.0047511970        3.0096829827        0.0661534124        3.4884414691        0.1571508220        9.0236431378        0.0531956989       -0.0000445910        0.0000049202       -0.0002909800        0.0000262736       -0.0000445910        0.0000049202       16.2979620558        0.0620277654       -0.0007075071        0.0000657115       -0.0002909800        0.0000262736       -0.0007075071        0.0000657115        7.7377450662        0.0413536328        9.0233075609        0.0531936746       16.2972099530        0.0620291947        7.7367465765        0.0413321074
        0.1326530613   14   14   14        3.2863168126        0.0445811083        3.1487525469        0.0331495115        0.0002347408        0.0054684526        3.1487525061        0.0331495128        7.4165874172        0.2594457795        3.0018854164        0.0769556821        0.0002347373        0.0054684522        3.0018853721        0.0769556854        3.5091201675        0.1856133096        9.0208691730        0.0580267314       -0.0000469968        0.0000055092       -0.0002942451        0.0000287500       -0.0000469968        0.0000055092       16.2984725004        0.0682795294       -0.0007172128        0.0000727351       -0.0002942451        0.0000287500       -0.0007172128        0.0000727351        7.7350816553        0.0443288275        9.0205279252        0.0580233696       16.2977082860        0.0682802385        7.7340701947        0.0443012181
        0.1428571429   14   14   14        3.2890893835        0.0495442478        3.1434558350        0.0379240990       -0.0001692535        0.0061842680        3.1434557937        0.0379241006        7.4355681800        0.2768981741        2.9962874533        0.0782069943       -0.0001692573        0.0061842674        2.9962874089        0.0782069975        3.5234100823        0.1890441930        9.0199186993        0.0614852069       -0.0000496879        0.0000060974       -0.0002986157        0.0000292533       -0.0000496879        0.0000060974       16.2953710787        0.0729049405       -0.0007373698        0.0000792645       -0.0002986157        0.0000292533       -0.0007373698        0.0000792645        7.7361453822        0.0460844938        9.0195703897        0.0614839943       16.2945840163        0.0729037884        7.7351093941        0.0460587382
        0.1530612246   14   14   14        3.2944806709        0.0568456560        3.1390563776        0.0408076097       -0.0013559145        0.0075170053        3.1390563368        0.0408076114        7.4474375497        0.2927587457        2.9888958345        0.0851522604       -0.0013559187        0.0075170057        2.9888957899        0.0851522646        3.5481471919        0.2242394830        9.0238730275        0.0632754443       -0.0000523397        0.0000067623       -0.0003023474        0.0000333997       -0.0000523397        0.0000067623       16.2921297087        0.0762533137       -0.0007488150        0.0000900102       -0.0003023474        0.0000333997       -0.0007488150        0.0000900102        7.7368482874        0.0502655372        9.0235183344        0.0632740757       16.2913285492        0.0762534550        7.7357971224        0.0502320317
        0.1632653062   14   14   14        3.2985398170        0.0656014386        3.1360532750        0.0448502875       -0.0013741433        0.0082428988        3.1360532344        0.0448502892        7.4483334604        0.3228185442        2.9812184115        0.1039448815       -0.0013741478        0.0082428984        2.9812183672        0.1039448862        3.5733618650        0.2649327397        9.0229357341        0.0706263429       -0.0000555507        0.0000073836       -0.0003071186        0.0000353567       -0.0000555507        0.0000073836       16.2932906524        0.0814281492       -0.0007603284        0.0001017559       -0.0003071186        0.0000353567       -0.0007603284        0.0001017559        7.7378839334        0.0552285198        9.0225730588        0.0706215361       16.2924747684        0.0814255757        7.7368164837        0.0551886065
        0.1734693878   14   14   14        3.3044220840        0.0687529463        3.1372816035        0.0519228126       -0.0025932114        0.0095950659        3.1372815631        0.0519228142        7.4551732840        0.3471206038        2.9772049763        0.1010858870       -0.0025932156        0.0095950667        2.9772049321        0.1010858918        3.5683245771        0.2614540067        9.0232103322        0.0732396669       -0.0000584830        0.0000080558       -0.0003089107        0.0000366233       -0.0000584830        0.0000080558       16.2957312038        0.0891228468       -0.0007736949        0.0000981618       -0.0003089107        0.0000366233       -0.0007736949        0.0000981618        7.7331273893        0.0554103421        9.0228429325        0.0732389032       16.2948990212        0.0891206527        7.7320447811        0.0553803659
        0.1836734695   14   14   14        3.3098976419        0.0748713454        3.1288089567        0.0552756412       -0.0035956082        0.0106883078        3.1288089158        0.0552756430        7.4991531196        0.3759826583        2.9686605289        0.1134343182       -0.0035956131        0.0106883090        2.9686604845        0.1134343242        3.6051226454        0.3003823285        9.0185901689        0.0786246297       -0.0000622856        0.0000092779       -0.0003167563        0.0000403817       -0.0000622856        0.0000092779       16.2857233361        0.0913988998       -0.0007944802        0.0001129186       -0.0003167563        0.0000403817       -0.0007944802        0.0001129186        7.7401559050        0.0592662649        9.0182111210        0.0786192943       16.2848665655        0.0914026496        7.7390446658        0.0592252219
        0.1938775511   14   14   14        3.3176459738        0.0839653633        3.1245734950        0.0581121882       -0.0046069390        0.0118475317        3.1245734538        0.0581121905        7.5089240802        0.3892468267        2.9618288071        0.1176397758       -0.0046069440        0.0118475327        2.9618287630        0.1176397809        3.6261057528        0.3197641213        9.0201469728        0.0792824707       -0.0000660758        0.0000100853       -0.0003206012        0.0000407748       -0.0000660758        0.0000100853       16.2877449250        0.0974455148       -0.0008065180        0.0001170382       -0.0003206012        0.0000407748       -0.0008065180        0.0001170382        7.7359457286        0.0637003072        9.0197602898        0.0792798937       16.2868723263        0.0974438345        7.7348186067        0.0636582913
        0.2040816327   14   14   14        3.3209523594        0.0862164350        3.1196342634        0.0627522182       -0.0060658650        0.0131015350        3.1196342224        0.0627522208        7.4983993187        0.3982369532        2.9540517795        0.1224672378       -0.0060658701        0.0131015363        2.9540517356        0.1224672442        3.6379399156        0.3277356971        9.0208144726        0.0842319780       -0.0000701670        0.0000114117       -0.0003287200        0.0000445666       -0.0000701670        0.0000114117       16.2822899570        0.1027122511       -0.0008296780        0.0001292021       -0.0003287200        0.0000445666       -0.0008296780        0.0001292021        7.7363938683        0.0678167074        9.0204155795        0.0842274535       16.2813901072        0.1027154174        7.7352354677        0.0677615970
        0.2142857143   14   14   14        3.3227317324        0.0908506178        3.1199657432        0.0605888278       -0.0064210223        0.0123577245        3.1199657026        0.0605888299        7.4934690211        0.4087722591        2.9522054289        0.1336938067       -0.0064210273        0.0123577253        2.9522053854        0.1336938126        3.6377279713        0.3294526180        9.0210665087        0.0899602031       -0.0000749754        0.0000111773       -0.0003339259        0.0000478685       -0.0000749754        0.0000111773       16.2895000889        0.1091457669       -0.0008456528        0.0001343479       -0.0003339259        0.0000478685       -0.0008456528        0.0001343479        7.7352627356        0.0694359099        9.0206576014        0.0899554857       16.2885794559        0.1091437756        7.7340831543        0.0693905175
        0.2244897960   14   14   14        3.3355588607        0.0954521177        3.1121268884        0.0675129689       -0.0079837276        0.0152595312        3.1121268482        0.0675129704        7.5344741665        0.4222551325        2.9337807468        0.1476553418       -0.0079837330        0.0152595323        2.9337807027        0.1476553487        3.6925601769        0.3574404255        9.0225867528        0.0949076312       -0.0000789871        0.0000131377       -0.0003382585        0.0000512862       -0.0000789871        0.0000131377       16.2829201837        0.1105449678       -0.0008660186        0.0001421586       -0.0003382585        0.0000512862       -0.0008660186        0.0001421586        7.7395574112        0.0735848377        9.0221695011        0.0949058051       16.2819751731        0.1105467546        7.7383531313        0.0735244014
        0.2346938776   14   14   14        3.3388048012        0.1031254601        3.1073708077        0.0714002939       -0.0092833918        0.0158720622        3.1073707676        0.0714002963        7.5569183161        0.4427383892        2.9308016623        0.1497323861       -0.0092833972        0.0158720637        2.9308016188        0.1497323916        3.7001023005        0.3749265779        9.0231226287        0.0993055788       -0.0000847492        0.0000137089       -0.0003460284        0.0000563148       -0.0000847492        0.0000137089       16.2834072718        0.1158633438       -0.0008974983        0.0001507749       -0.0003460284        0.0000563148       -0.0008974983        0.0001507749        7.7425139738        0.0767289599        9.0226918451        0.0993011134       16.2824250194        0.1158610415        7.7412704444        0.0766672338
        0.2448979592   14   14   14        3.3357192806        0.1026335020        3.0962467415        0.0747170613       -0.0107508092        0.0181453234        3.0962467007        0.0747170635        7.5386640086        0.4527602078        2.9264417891        0.1519276524       -0.0107508146        0.0181453253        2.9264417457        0.1519276582        3.7002888635        0.3786363114        9.0169050622        0.1031390882       -0.0000899872        0.0000154847       -0.0003527188        0.0000568598       -0.0000899872        0.0000154847       16.2732095309        0.1225816356       -0.0009134493        0.0001577766       -0.0003527188        0.0000568598       -0.0009134493        0.0001577766        7.7379902271        0.0815975429        9.0164623501        0.1031365103       16.2722060895        0.1225922484        7.7367240563        0.0815351851
        0.2551020409   14   14   14        3.3495656608        0.1122276578        3.0927008965        0.0768191195       -0.0113647893        0.0180806212        3.0927008557        0.0768191217        7.5763628362        0.4715596648        2.9228884636        0.1507810567       -0.0113647947        0.0180806223        2.9228884203        0.1507810626        3.7160417123        0.3675425410        9.0196845302        0.1093615022       -0.0000960429        0.0000162634       -0.0003621893        0.0000591210       -0.0000960429        0.0000162634       16.2824483134        0.1301152747       -0.0009332312        0.0001668721       -0.0003621893        0.0000591210       -0.0009332312        0.0001668721        7.7376376507        0.0844861135        9.0192262920        0.1093573791       16.2814190344        0.1301103923        7.7363422275        0.0844147794
        0.2653061225   14   14   14        3.3518013046        0.1143337871        3.0869085361        0.0799391038       -0.0131934294        0.0199844610        3.0869084958        0.0799391061        7.5810215427        0.4892895491        2.9207765628        0.1579968591       -0.0131934349        0.0199844624        2.9207765201        0.1579968647        3.7296385396        0.3781730209        9.0175492942        0.1098161950       -0.0001005568        0.0000174456       -0.0003664513        0.0000634858       -0.0001005568        0.0000174456       16.2751409511        0.1315504662       -0.0009673382        0.0001830760       -0.0003664513        0.0000634858       -0.0009673382        0.0001830760        7.7420104958        0.0867244580        9.0170822801        0.1098118193       16.2740730511        0.1315475735        7.7406767037        0.0866491119
        0.2755102041   14   14   14        3.3657315773        0.1193035456        3.0775837821        0.0910952173       -0.0169681561        0.0257390071        3.0775837417        0.0910952202        7.5898875680        0.4926163956        2.8966549406        0.1728191158       -0.0169681620        0.0257390089        2.8966548972        0.1728191232        3.7872267362        0.4086946856        9.0114360434        0.1169545498       -0.0001085760        0.0000183300       -0.0003766861        0.0000684508       -0.0001085760        0.0000183300       16.2743943128        0.1391188692       -0.0009947197        0.0001831450       -0.0003766861        0.0000684508       -0.0009947197        0.0001831450        7.7433680264        0.0907835246        9.0109507751        0.1169491653       16.2732910121        0.1391119835        7.7419966179        0.0906993351
        0.2857142858   14   14   14        3.3664771171        0.1200264451        3.0756958902        0.0912804824       -0.0168552462        0.0227017333        3.0756958501        0.0912804845        7.6066643075        0.5052435726        2.8929321891        0.1719985102       -0.0168552521        0.0227017348        2.8929321471        0.1719985171        3.7980504423        0.4100200926        9.0193963539        0.1230658967       -0.0001144002        0.0000207503       -0.0003798799        0.0000706122       -0.0001144002        0.0000207503       16.2729733946        0.1402394828       -0.0010110480        0.0002006327       -0.0003798799        0.0000706122       -0.0010110480        0.0002006327        7.7416784673        0.0912619182        9.0189020676        0.1230560769       16.2718479415        0.1402406338        7.7402875368        0.0911768901
        0.2959183674   14   14   14        3.3719147667        0.1249833344        3.0714599071        0.0935986779       -0.0174306356        0.0239619379        3.0714598668        0.0935986796        7.6086127420        0.5319555435        2.8965166626        0.1724510721       -0.0174306410        0.0239619392        2.8965166202        0.1724510791        3.7808001734        0.4088133497        9.0134114320        0.1239726471       -0.0001226923        0.0000232404       -0.0003907682        0.0000707367       -0.0001226923        0.0000232404       16.2718405828        0.1444513161       -0.0010437771        0.0002115890       -0.0003907682        0.0000707367       -0.0010437771        0.0002115890        7.7430155806        0.0954229061        9.0128979653        0.1239700185       16.2706741083        0.1444536281        7.7415810325        0.0953281850
        0.3061224490   14   14   14        3.3830645400        0.1310838507        3.0652319723        0.0968523086       -0.0193915055        0.0253757955        3.0652319315        0.0968523120        7.6610396834        0.5342290489        2.8790484481        0.1774157148       -0.0193915113        0.0253757967        2.8790484065        0.1774157216        3.8190526702        0.4116303072        9.0140451813        0.1312490886       -0.0001298059        0.0000229807       -0.0004003011        0.0000788059       -0.0001298059        0.0000229807       16.2733034416        0.1504252129       -0.0010794344        0.0002302848       -0.0004003011        0.0000788059       -0.0010794344        0.0002302848        7.7422818786        0.1039987258        9.0135150681        0.1312439590       16.2720941963        0.1504385018        7.7408021403        0.1038920216
        0.3163265306   14   14   14        3.3759673233        0.1310991474        3.0642667242        0.0961901431       -0.0197665557        0.0249003834        3.0642666844        0.0961901469        7.6396479268        0.5311474574        2.8888455145        0.1806421107       -0.0197665611        0.0249003847        2.8888454730        0.1806421157        3.8056804205        0.4074905840        9.0194119335        0.1295013408       -0.0001382864        0.0000266295       -0.0004092262        0.0000809577       -0.0001382864        0.0000266295       16.2662527848        0.1540981568       -0.0011066831        0.0002355511       -0.0004092262        0.0000809577       -0.0011066831        0.0002355511        7.7476618719        0.1062442486        9.0188644147        0.1294899849       16.2650078102        0.1540795036        7.7461459599        0.1061413687
        0.3265306123   14   14   14        3.3904597148        0.1384898050        3.0611997229        0.1029258617       -0.0212069832        0.0259073263        3.0611996828        0.1029258647        7.6459412447        0.5376054821        2.8736071841        0.1805412758       -0.0212069885        0.0259073280        2.8736071419        0.1805412827        3.8200406295        0.4119970783        9.0182015420        0.1335526238       -0.0001483559        0.0000289114       -0.0004184446        0.0000895420       -0.0001483559        0.0000289114       16.2662871957        0.1586887028       -0.0011379668        0.0002432633       -0.0004184446        0.0000895420       -0.0011379668        0.0002432633        7.7435244024        0.1085949799        9.0176347353        0.1335461798       16.2650008679        0.1586900908        7.7419679883        0.1084835274
        0.3367346939   14   14   14        3.3897597984        0.1435008101        3.0500307022        0.1030913465       -0.0225066333        0.0297274015        3.0500306613        0.1030913505        7.6270103905        0.5413786985        2.8788294026        0.1911585190       -0.0225066388        0.0297274023        2.8788293621        0.1911585257        3.8237966878        0.4170507913        9.0098037187        0.1325762228       -0.0001567608        0.0000310219       -0.0004251931        0.0000906922       -0.0001567608        0.0000310219       16.2598674901        0.1647268057       -0.0011642526        0.0002594336       -0.0004251931        0.0000906922       -0.0011642526        0.0002594336        7.7379710512        0.1107029589        9.0092217586        0.1325681993       16.2585464717        0.1647359664        7.7363816028        0.1105859586
        0.3469387755   14   14   14        3.4021157652        0.1501921020        3.0422078578        0.1064266706       -0.0236778156        0.0290192493        3.0422078178        0.1064266729        7.6666536397        0.5764186706        2.8554713932        0.1874004421       -0.0236778211        0.0290192504        2.8554713520        0.1874004488        3.8528360972        0.4219466935        9.0088110817        0.1446796220       -0.0001642072        0.0000322881       -0.0004393822        0.0000954730       -0.0001642072        0.0000322881       16.2437436026        0.1688485894       -0.0012310960        0.0002715708       -0.0004393822        0.0000954730       -0.0012310960        0.0002715708        7.7492935285        0.1123089858        9.0082074860        0.1446665993       16.2423482941        0.1688516742        7.7476230475        0.1121854472
        0.3571428572   14   14   14        3.3977472855        0.1495160897        3.0355683704        0.1056257909       -0.0268576781        0.0318892462        3.0355683311        0.1056257930        7.6257749260        0.5513735065        2.8616768071        0.1960188882       -0.0268576833        0.0318892472        2.8616767661        0.1960188947        3.8561762692        0.4209984229        9.0159429343        0.1460908207       -0.0001761304        0.0000343729       -0.0004519228        0.0000979504       -0.0001761304        0.0000343729       16.2506919194        0.1818453624       -0.0012575177        0.0002905492       -0.0004519228        0.0000979504       -0.0012575177        0.0002905492        7.7501715913        0.1180697719        9.0153148748        0.1460838723       16.2492582660        0.1818402499        7.7484621481        0.1179353166
        0.3673469388   14   14   14        3.4114768453        0.1433939511        3.0353117685        0.1057949858       -0.0278989766        0.0313042379        3.0353117285        0.1057949890        7.6529831501        0.5584353828        2.8577202213        0.1851657040       -0.0278989818        0.0313042387        2.8577201810        0.1851657108        3.8729276774        0.4103555033        9.0074399837        0.1553110629       -0.0001865542        0.0000380126       -0.0004608022        0.0001005374       -0.0001865542        0.0000380126       16.2519734074        0.1793985425       -0.0012886737        0.0003024677       -0.0004608022        0.0001005374       -0.0012886737        0.0003024677        7.7485307784        0.1176844596        9.0067926210        0.1553037979       16.2504981743        0.1793806311        7.7467812997        0.1175587025
        0.3775510204   14   14   14        3.4152919248        0.1568185543        3.0176559866        0.1223888395       -0.0286006995        0.0343760632        3.0176559464        0.1223888444        7.6859435344        0.5672159057        2.8492515277        0.2013355081       -0.0286007045        0.0343760641        2.8492514859        0.2013355144        3.8850504265        0.4316280007        9.0167589208        0.1587606263       -0.0001990513        0.0000387277       -0.0004641457        0.0001081463       -0.0001990513        0.0000387277       16.2436019699        0.1878699668       -0.0013263433        0.0003243623       -0.0004641457        0.0001081463       -0.0013263433        0.0003243623        7.7455090366        0.1221648283        9.0160957176        0.1587508334       16.2420765700        0.1878802833        7.7437185448        0.1220284886
        0.3877551021   14   14   14        3.4174811849        0.1589124903        3.0168479961        0.1185123106       -0.0294922999        0.0344140971        3.0168479563        0.1185123150        7.6774931520        0.5680577158        2.8507022675        0.1960763499       -0.0294923049        0.0344140976        2.8507022270        0.1960763575        3.8827481008        0.4227929181        9.0113378871        0.1683154731       -0.0002117086        0.0000415436       -0.0004824751        0.0001085759       -0.0002117086        0.0000415436       16.2406484897        0.1901709661       -0.0013720945        0.0003371485       -0.0004824751        0.0001085759       -0.0013720945        0.0003371485        7.7494418957        0.1264276720        9.0106436970        0.1683028564       16.2390646812        0.1901583174        7.7475873233        0.1262894891
        0.3979591837   14   14   14        3.4360828326        0.1637740470        3.0136619521        0.1231504404       -0.0302056830        0.0334058888        3.0136619116        0.1231504444        7.6659597703        0.5929077666        2.8427491444        0.2040313430       -0.0302056878        0.0334058902        2.8427491039        0.2040313508        3.8967296030        0.4121728704        9.0180710139        0.1636901200       -0.0002224717        0.0000443315       -0.0004921232        0.0001159986       -0.0002224717        0.0000443315       16.2500891345        0.1927961696       -0.0014171784        0.0003512558       -0.0004921232        0.0001159986       -0.0014171784        0.0003512558        7.7476202040        0.1327126101        9.0173564126        0.1636786934       16.2484494791        0.1928062594        7.7457108997        0.1325598723
        0.4081632653   14   14   14        3.4287765921        0.1645879417        3.0069733674        0.1202633912       -0.0306378762        0.0355305815        3.0069733275        0.1202633954        7.6877474606        0.5930160316        2.8289537771        0.2039921510       -0.0306378807        0.0355305831        2.8289537357        0.2039921582        3.8809822140        0.4168667971        9.0124157694        0.1714369702       -0.0002377254        0.0000499825       -0.0005062198        0.0001222858       -0.0002377254        0.0000499825       16.2167866884        0.1937560385       -0.0014450316        0.0003526622       -0.0005062198        0.0001222858       -0.0014450316        0.0003526622        7.7499935378        0.1319040436        9.0116718178        0.1714235861       16.2151039261        0.1937590112        7.7480422837        0.1317387392
        0.4183673470   14   14   14        3.4396015657        0.1588194771        3.0048276465        0.1241071228       -0.0319757073        0.0385017172        3.0048276065        0.1241071269        7.6862232209        0.5942542403        2.8327395003        0.1990364930       -0.0319757117        0.0385017179        2.8327394594        0.1990364999        3.8984005642        0.4163051191        9.0134763063        0.1735984264       -0.0002498776        0.0000515954       -0.0005230852        0.0001260245       -0.0002498776        0.0000515954       16.2320017957        0.2071037779       -0.0014788291        0.0003720222       -0.0005230852        0.0001260245       -0.0014788291        0.0003720222        7.7511847137        0.1398019367        9.0127033370        0.1735848662       16.2302730837        0.2071161799        7.7491827966        0.1396225134
        0.4285714286   14   14   14        3.4490601547        0.1754576314        2.9927005961        0.1293478560       -0.0333371026        0.0375010384        2.9927005570        0.1293478603        7.7094998930        0.5750110599        2.8383460228        0.1938396407       -0.0333371074        0.0375010392        2.8383459836        0.1938396478        3.9157336196        0.4204419105        8.9975758818        0.1781621950       -0.0002663838        0.0000564611       -0.0005324939        0.0001281698       -0.0002663838        0.0000564611       16.2372017875        0.2105123865       -0.0015415737        0.0004027556       -0.0005324939        0.0001281698       -0.0015415737        0.0004027556        7.7556847019        0.1444372280        8.9967769976        0.1781474061       16.2353938246        0.2105042195        7.7536106315        0.1442319847
        0.4387755102   14   14   14        3.4515254539        0.1736750207        2.9860902092        0.1361780549       -0.0344687330        0.0415933086        2.9860901690        0.1361780603        7.7203020457        0.6026622225        2.8231085193        0.2008360783       -0.0344687377        0.0415933092        2.8231084794        0.2008360846        3.9155589179        0.4311183102        8.9971772344        0.1883595677       -0.0002793830        0.0000585735       -0.0005410210        0.0001296579       -0.0002793830        0.0000585735       16.2309064768        0.2120005250       -0.0015718498        0.0004137974       -0.0005410210        0.0001296579       -0.0015718498        0.0004137974        7.7490215041        0.1414344064        8.9963568240        0.1883495372       16.2290552385        0.2120050403        7.7469086305        0.1412416847
        0.4489795918   14   14   14        3.4492130447        0.1732955993        2.9766486377        0.1359631309       -0.0355764824        0.0428056516        2.9766485968        0.1359631353        7.7108951126        0.6006659575        2.8226550499        0.2074011647       -0.0355764871        0.0428056523        2.8226550095        0.2074011720        3.9191757214        0.4444083954        8.9954165750        0.1903843207       -0.0002960508        0.0000612295       -0.0005600972        0.0001474916       -0.0002960508        0.0000612295       16.2218635924        0.2154875711       -0.0016133321        0.0004227283       -0.0005600972        0.0001474916       -0.0016133321        0.0004227283        7.7495226772        0.1472150985        8.9945604205        0.1903728780       16.2199542041        0.2154789623        7.7473492451        0.1469939326
        0.4591836735   14   14   14        3.4590499823        0.1870921190        2.9670543990        0.1439757196       -0.0325948310        0.0399476664        2.9670543592        0.1439757222        7.7304669534        0.6314801306        2.8103781059        0.2018674292       -0.0325948355        0.0399476666        2.8103780655        0.2018674370        3.9371958562        0.4326225476        9.0010312084        0.1952927355       -0.0003139161        0.0000670469       -0.0005750341        0.0001475558       -0.0003139161        0.0000670469       16.2207235309        0.2254999320       -0.0016768307        0.0004688574       -0.0005750341        0.0001475558       -0.0016768307        0.0004688574        7.7498801263        0.1599097510        9.0001422518        0.1952798730       16.2187327785        0.2254819928        7.7476282587        0.1596522226
        0.4693877551   14   14   14        3.4703656230        0.1915326673        2.9624115127        0.1356312139       -0.0387188896        0.0485568410        2.9624114728        0.1356312191        7.7195425744        0.6131630107        2.8091157666        0.2039768610       -0.0387188939        0.0485568416        2.8091157253        0.2039768689        3.9380702744        0.4237849224        8.9954568820        0.1889198653       -0.0003299221        0.0000736493       -0.0005810053        0.0001590484       -0.0003299221        0.0000736493       16.2134163826        0.2237214769       -0.0017460721        0.0004970560       -0.0005810053        0.0001590484       -0.0017460721        0.0004970560        7.7515313378        0.1578742614        8.9945459481        0.1889044427       16.2113403828        0.2236981542        7.7492042576        0.1575886605
        0.4795918367   14   14   14        3.4751820129        0.1914425279        2.9710746408        0.1420630553       -0.0361155885        0.0430836928        2.9710746004        0.1420630596        7.7436728677        0.6238263695        2.8187903013        0.2074305203       -0.0361155926        0.0430836931        2.8187902610        0.2074305273        3.9312617908        0.4198532794        9.0061303522        0.2001114992       -0.0003478538        0.0000742982       -0.0006015850        0.0001582872       -0.0003478538        0.0000742982       16.2181266033        0.2358900456       -0.0017842676        0.0005074036       -0.0006015850        0.0001582872       -0.0017842676        0.0005074036        7.7534945659        0.1607808298        9.0051809068        0.2000928462       16.2159944763        0.2358938215        7.7511087104        0.1605120237
        0.4897959184   14   14   14        3.4801708801        0.1884414091        2.9486737283        0.1429925524       -0.0381603495        0.0447586045        2.9486736877        0.1429925561        7.7464064901        0.6018922846        2.7878108373        0.2176815224       -0.0381603538        0.0447586052        2.7878107954        0.2176815305        3.9651309261        0.4204326096        8.9929420533        0.2009912659       -0.0003658260        0.0000796769       -0.0006215541        0.0001647890       -0.0003658260        0.0000796769       16.1999673993        0.2386095639       -0.0018557695        0.0005179113       -0.0006215541        0.0001647890       -0.0018557695        0.0005179113        7.7619971471        0.1683609860        8.9919546665        0.2009707935       16.1977457981        0.2385866950        7.7595198206        0.1680762895
        0.5000000000   14   14   14        3.4933986902        0.1949819034        2.9499202579        0.1494859018       -0.0377191127        0.0444475884        2.9499202183        0.1494859062        7.7647043018        0.6419615618        2.7921250235        0.2092325343       -0.0377191170        0.0444475885        2.7921249842        0.2092325407        3.9599557549        0.4295534251        9.0138287630        0.2060188801       -0.0003884607        0.0000891209       -0.0006339459        0.0001718845       -0.0003884607        0.0000891209       16.2031937783        0.2355889638       -0.0019248319        0.0005778480       -0.0006339459        0.0001718845       -0.0019248319        0.0005778480        7.7630846134        0.1654232724        9.0128063498        0.2059851510       16.2008804800        0.2355503101        7.7605258328        0.1651088458
